0.0986
0.1002
0.0868
0.107
0.1126
0.0986
0.1102
0.0924
0.1492
0.0976
0.0986
0.099
0.0924
0.1468
0.0958
0.11
0.0982
0.0868
0.1126
0.0924
0.0958
0.0976
0.0868
0.099
0.11
0.1126
0.107
0.1002
0.0958
0.1126
0.0976
0.0986
0.1002
0.0924
0.1126
0.107
0.0986
0.11
0.0958
0.0868
0.0924
0.099
0.107
0.0976
0.1002
0.11
0.0958
0.099
0.1126
0.0986
0.0868
0.107
0.1002
0.0924
0.0958
0.0976
0.0868
0.1126
0.11
0.1126
0.0876
0.0986
0.107
0.0868
0.1126
0.1102
0.1002
0.0986
0.099
0.107
0.11
0.0924
0.1002
0.1146
0.0958
0.1002
0.0924
0.11
0.099
0.11
0.1126
0.107
0.1002
0.11
0.0962
0.1126
0.099
0.0924
0.0996
0.107
0.0958
0.0976
0.0924
0.1754
0.0992
0.1126
0.0986
0.0868
0.0986
0.1186
0.113
0.0976
0.1632
0.11
0.119
0.11
0.131
0.1154
0.134
0.1156
0.1384
0.1126
0.0868
0.0992
0.0976
0.1242
0.1072
0.0958
0.0924
0.1002
0.0924
0.1002
0.107
0.0868
0.11
0.208
0.1516
0.11
0.1148
0.1944
0.0986
0.1294
0.11
0.0868
0.1126
0.1364
0.2084
0.1822
0.124
0.0924
0.11
0.1652
0.1928
0.1898
0.1924
0.179
0.1184
0.1228
0.1218
0.1646
0.2022
0.2026
0.1552
0.1662
0.1428
0.1256
0.0976
0.0912
0.1348
0.1752
0.1968
0.2106
0.1802
0.3176
0.2592
0.2044
0.2072
0.2146
0.2338
0.22
0.1814
0.204
0.221
0.2014
0.1986
0.2198
0.1914
0.203
0.2472
0.29
0.2512
0.1458
0.1286
0.1986
0.15
0.1772
0.2092
0.204
0.226
0.2792
0.3116
0.1776
0.1604
0.1972
0.1944
0.2774
0.2288
0.2732
0.2564
0.3004
0.2002
0.2448
0.2102
0.1978
0.2492
0.1506
0.3148
0.328
0.2418
0.2098
0.3078
0.2518
0.2562
0.2796
0.1868
0.3086
0.4122
0.249
0.2958
0.2298
0.2556
0.1612
0.2374
0.1936
0.2298
0.1684
0.1898
0.1518
0.161
0.1702
0.2936
0.1986
0.1418
0.2428
0.3176
0.3222
0.3374
0.4392
0.3694
0.2952
0.175
0.2878
0.2442
0.2442
0.2988
0.39
0.3764
0.4096
0.366
0.3206
0.3072
0.2656
0.2512
0.3446
0.3394
0.231
0.2492
0.2842
0.3172
0.389
0.4154
0.3466
0.388
0.3622
0.2458
0.327
0.3488
0.3022
0.427
0.3678
0.367
0.394
0.4054
0.315
0.3724
0.4216
0.4226
0.325
0.397
0.3454
0.3818
0.2764
0.2178
0.2608
0.339
0.2656
0.3008
0.3918
0.546
0.3614
0.457
0.4894
0.3234
0.27
0.465
0.5166
0.2348
0.3532
0.4984
0.4778
0.4278
0.3902
0.3336
0.3508
0.3928
0.4484
0.4428
0.5038
0.4936
0.384
0.3724
0.4544
0.4144
0.5448
0.5264
0.4174
0.299
0.32
0.3372
0.2772
0.4316
0.4278
0.4292
0.3072
0.3356
0.2644
0.3572
0.4278
0.4376
0.5462
0.5734
0.4536
0.4138
0.5344
0.5656
0.4926
0.5498
0.4248
0.5296
0.4158
0.4458
0.42
0.6218
0.5298
0.5806
0.4814
0.4302
0.557
0.6018
0.4292
0.497
0.5442
0.5016
0.4856
0.4458
0.4016
0.2528
0.2012
0.324
0.4364
0.377
0.3754
0.2946
0.5454
0.625
0.4292
0.5412
0.495
0.5174
0.5224
0.5128
0.442
0.5092
0.6114
0.5528
0.4492
0.4674
0.561
0.3442
0.4666
0.576
0.5612
0.4692
0.502
0.701
0.7078
0.637
0.4058
0.5708
0.504
0.5584
0.3684
0.3216
0.3946
0.5442
0.6904
0.6764
0.5986
0.6928
0.6762
0.5922
0.6174
0.68
0.6512
0.755
0.744
0.6924
0.5758
0.5906
0.704
0.6152
0.4252
0.5832
0.7198
0.6476
0.6352
0.5674
0.424
0.3276
0.2904
0.353
0.453
0.3508
0.5628
0.653
0.6466
0.6416
0.651
0.6322
0.6908
0.606
0.6242
0.6008
0.5848
0.6426
0.604
0.66
0.6078
0.627
0.625
0.6414
0.6886
0.7538
0.6738
0.7188
0.6128
0.6284
0.657
0.7462
0.5478
0.6036
0.7212
0.7306
0.7148
0.721
0.698
0.6428
0.6816
0.6548
0.7582
0.652
0.5544
0.406
0.3374
0.6756
0.697
0.7164
0.7452
0.7124
0.5672
0.6296
0.6134
0.653
0.5166
0.4942
0.6468
0.724
0.7416
0.6528
0.674
0.5882
0.737
0.7456
0.6844
0.6948
0.6814
0.7286
0.5036
0.6494
0.681
0.7276
0.6606
0.712
0.7784
0.7416
0.539
0.5878
0.713
0.7648
0.6564
0.7308
0.7428
0.7546
0.6994
0.694
0.7998
0.7506
0.7614
0.778
0.696
0.751
0.513
0.7278
0.711
0.6632
0.5196
0.6944
0.6878
0.7258
0.7434
0.724
0.7578
0.6622
0.6686
0.566
0.6456
0.6536
0.6374
0.6144
0.5034
0.6178
0.5514
0.5662
0.5484
0.6718
0.7162
0.8012
0.7446
0.7892
0.7882
0.5926
0.4922
0.519
0.8206
0.8156
0.7638
0.7932
0.7584
0.7588
0.795
0.83
0.7674
0.839
0.834
0.822
0.7926
0.8184
0.8346
0.7784
0.7948
0.7264
0.7054
0.7388
0.7184
0.7754
0.8292
0.7722
0.842
0.7676
0.8296
0.8418
0.5916
0.7436
0.821
0.8254
0.8114
0.772
0.8376
0.705
0.6644
0.7098
0.7718
0.675
0.7194
0.7842
0.8252
0.836
0.8164
0.8392
0.714
0.8438
0.8284
0.8518
0.8478
0.8342
0.8186
0.794
0.7922
0.7958
0.8076
0.818
0.8104
0.7628
0.8242
0.831
0.8396
0.5386
0.6648
0.7058
0.7924
0.795
0.7878
0.838
0.8034
0.8108
0.853
0.8394
0.8656
0.8626
0.7974
0.8188
0.8292
0.8718
0.8354
0.756
0.849
0.694
0.7988
0.6212
0.7284
0.7146
0.8218
0.8298
0.8112
0.8394
0.728
0.783
0.8492
0.8394
0.8582
0.8578
0.8624
0.8626
0.868
0.859
0.8502
0.8676
0.8558
0.856
0.7786
0.6734
0.7884
0.8348
0.825
0.8332
0.8422
0.7996
0.816
0.843
0.8296
0.8292
0.826
0.6586
0.7718
0.794
0.8362
0.8268
0.8666
0.8706
0.7742
0.8656
0.8308
0.7322
0.816
0.8676
0.854
0.8224
0.8696
0.8388
0.792
0.8576
0.8578
0.8736
0.8448
0.7748
0.7338
0.7382
0.8314
0.8418
0.8226
0.7542
0.863
0.8326
0.8754
0.8744
0.8356
0.8802
0.8604
0.8396
0.8602
0.8416
0.7928
0.8452
0.7686
0.8204
0.8438
0.8394
0.8734
0.869
0.842
0.7512
0.8366
0.8718
0.8648
0.8062
0.842
0.8616
0.8442
0.8146
0.7632
0.8756
0.8712
0.8716
0.7834
0.822
0.825
0.8762
0.8828
0.8532
0.835
0.7914
0.8168
0.8762
0.8482
0.7332
0.7786
0.8694
0.845
0.8544
0.8486
0.8808
0.8432
0.7684
0.858
0.8504
0.7946
0.8204
0.8364
0.8528
0.8742
0.857
0.819
0.8694
0.845
0.8664
0.8246
0.7812
0.724
0.8738
0.8628
0.8806
0.8758
0.8794
0.872
0.862
0.8794
0.8804
0.8648
0.8906
0.9088
0.7394
0.6754
0.7396
0.8226
0.8614
0.8128
0.83
0.8832
0.8864
0.865
0.878
0.8754
0.8328
0.874
0.8698
0.844
0.8958
0.907
0.8818
0.8728
0.901
0.9038
0.903
0.898
0.8802
0.8874
0.8964
0.8536
0.7666
0.6854
0.8322
0.895
0.8044
0.8296
0.8574
0.8804
0.867
0.8206
0.8882
0.9058
0.8994
0.8482
0.891
0.9102
0.8688
0.8766
0.7722
0.8816
0.8562
0.8652
0.8876
0.9
0.8646
0.8674
0.9068
0.6642
0.8456
0.8702
0.7686
0.8058
0.8244
0.862
0.8802
0.9078
0.9144
0.8948
0.892
0.8714
0.87
0.8976
0.8574
0.8788
0.8762
0.887
0.7308
0.8556
0.8422
0.8468
0.9108
0.9072
0.8886
0.8546
0.8738
0.8618
0.874
0.7904
0.786
0.6632
0.6712
0.7798
0.8262
0.887
0.8624
0.8324
0.86
0.8628
0.8768
0.875
0.8826
0.8488
0.8934
0.9
0.914
0.8968
0.8562
0.906
0.7144
0.8002
0.8204
0.7948
0.8746
0.8594
0.8654
0.8968
0.891
0.9156
0.8976
0.896
0.8916
0.9064
0.8806
0.898
0.8514
0.9076
0.8974
0.8982
0.8822
0.8024
0.8436
0.8662
0.9084
0.8982
0.8992
0.894
0.8872
0.894
0.9016
0.9016
0.8172
0.8722
0.9092
0.9024
0.8522
0.8676
0.8424
0.8572
0.895
0.8724
0.9064
0.8664
0.8464
0.856
0.8946
0.909
0.904
0.9088
0.86
0.9044
0.9182
0.8996
0.769
0.8648
0.8668
0.8594
0.9154
0.912
0.842
0.8946
0.8996
0.905
0.8822
0.8516
0.9068
0.8874
0.9002
0.8926
0.8974
0.8902
0.8738
0.9072
0.898
0.9166
0.9002
0.9154
0.9064
0.8748
0.8974
0.877
0.8742
0.8832
0.842
0.9052
0.8662
0.893
0.8752
0.8802
0.8864
0.8972
0.924
0.9278
0.888
0.8898
0.905
0.915
0.9134
0.8622
0.8812
0.887
0.9086
0.915
0.8508
0.8774
0.862
0.9072
0.903
0.878
0.9162
0.8978
0.9104
0.8844
0.9126
0.891
0.8822
0.9002
0.9138
0.8852
0.885
0.8854
0.9216
0.9012
0.6974
0.901
0.9124
0.8784
0.8974
0.916
0.9144
0.861
0.8842
0.9056
0.9088
0.842
0.918
0.913
0.913
0.8234
0.8658
0.8992
0.904
0.9076
0.906
0.9038
0.8846
0.9116
0.9098
0.921
0.93
0.906
0.9224
0.9022
0.9116
0.9074
0.9172
0.9182
0.8934
0.8876
0.8214
0.8348
0.9104
0.9056
0.8646
0.8456
0.7786
0.8808
0.9204
0.9234
0.925
0.8508
0.9112
0.8848
0.9052
0.9092
0.9202
0.9066
0.8912
0.9184
0.9182
0.9156
0.9032
0.9006
0.8802
0.894
0.9094
0.9178
0.9228
0.9124
0.921
0.9202
0.9184
0.906
0.8756
0.8802
0.9208
0.9176
0.927
0.922
0.908
0.9192
0.9152
0.9194
0.9232
0.9148
0.8866
0.9102
0.918
0.8692
0.8934
0.913
0.8944
0.9062
0.9262
0.9264
0.895
0.8948
0.9248
0.9158
0.9056
0.9312
0.9188
0.9232
0.9268
0.9302
0.9312
0.9188
0.9182
0.9118
0.863
0.8596
0.8856
0.9318
0.9202
0.9104
0.913
0.906
0.9202
0.896
0.9102
0.9018
0.9282
0.9316
0.935
0.934
0.9186
0.917
0.9282
0.9214
0.9172
0.916
0.9114
0.8868
0.884
0.8364
0.889
0.9248
0.9372
0.9336
0.877
0.8958
0.92
0.927
0.914
0.911
0.9316
0.9012
0.922
0.9176
0.9372
0.9306
0.9176
0.9292
0.928
0.9132
0.9098
0.9312
0.935
0.9402
0.937
0.8916
0.8904
0.8102
0.8976
0.9038
0.9184
0.9198
0.8844
0.9172
0.903
0.9264
0.861
0.888
0.9204
0.9254
0.922
0.931
0.9386
0.9128
0.9308
0.9178
0.9038
0.9262
0.9236
0.9
0.9246
0.9352
0.8952
0.9326
0.9128
0.9152
0.8748
0.8854
0.9072
0.9176
0.9188
0.9236
0.9312
0.9264
0.8718
0.9362
0.931
0.794
0.8984
0.9312
0.8904
0.9314
0.9252
0.9124
0.8866
0.9064
0.9156
0.9234
0.912
0.9164
0.9296
0.935
0.8952
0.9364
0.9406
0.9402
0.943
0.9276
0.935
0.933
0.924
0.925
0.9386
0.8234
0.907
0.9258
0.935
0.9332
0.9186
0.9332
0.905
0.8856
0.925
0.9356
0.9068
0.91
0.9348
0.9286
0.9412
0.928
0.942
0.9414
0.9446
0.9234
0.9252
0.9376
0.939
0.9418
0.9206
0.9298
0.9432
0.937
0.9364
0.9144
0.9328
0.9224
0.9018
0.875
0.9102
0.919
0.9154
0.9396
0.911
0.9138
0.8218
0.844
0.9024
0.9174
0.929
0.941
0.945
0.9436
0.9258
0.9138
0.9326
0.9196
0.9444
0.9388
0.93
0.9348
0.9172
0.9308
0.942
0.8234
0.8838
0.9172
0.9096
0.9346
0.934
0.9348
0.9326
0.9012
0.9296
0.9296
0.911
0.9256
0.9096
0.9344
0.9428
0.915
0.9344
0.9224
0.9392
0.903
0.939
0.927
0.9404
0.9388
0.9178
0.9406
0.9364
0.94
0.9368
0.9376
0.9228
0.9358
0.9352
0.93
0.931
0.9352
0.9076
0.9398
0.9232
0.9084
0.921
0.907
0.9192
0.9254
0.922
0.92
0.9216
0.93
0.9342
0.9348
0.9352
0.926
0.9144
0.921
0.8908
0.9316
0.9144
0.9334
0.9348
0.9114
0.9266
0.9338
0.9428
0.9368
0.9302
0.9256
0.8332
0.9364
0.9236
0.9314
0.9292
0.9402
0.8818
0.8818
0.9308
0.8954
0.8904
0.9342
0.9302
0.9456
0.9358
0.9326
0.9464
0.9262
0.9342
0.9174
0.9306
0.892
0.9188
0.9276
0.9316
0.9408
0.9374
0.9428
0.9184
0.932
0.9298
0.9246
0.9376
0.9338
0.906
0.9252
0.9296
0.9378
0.9362
0.9388
0.939
0.9318
0.9324
0.9404
0.9406
0.928
0.9436
0.935
0.923
0.9438
0.9278
0.9372
0.9348
0.8916
0.9038
0.9038
0.9412
0.9432
0.9174
0.8964
0.9206
0.9268
0.9386
0.925
0.8864
0.923
0.9386
0.9178
0.9092
0.937
0.9244
0.9134
0.8604
0.8976
0.9272
0.9068
0.9312
0.9374
0.9342
0.9274
0.9266
0.939
0.9406
0.9348
0.928
0.941
0.9384
0.9446
0.942
0.9426
0.9324
0.9462
0.9284
0.9282
0.9352
0.9168
0.932
0.9472
0.9478
0.9442
0.9408
0.9392
0.931
0.9366
0.935
0.925
0.9338
0.9324
0.929
0.914
0.9394
0.9286
0.93
0.936
0.9162
0.9384
0.9358
0.8892
0.928
0.9094
0.9154
0.8944
0.9456
0.9446
0.9378
0.932
0.9394
0.9384
0.924
0.9364
0.9456
0.9488
0.9388
0.9228
0.9018
0.886
0.681
0.879
0.9236
0.9384
0.9066
0.9428
0.9356
0.9396
0.9476
0.9536
0.948
0.9408
0.9408
0.945
0.9472
0.9114
0.9262
0.9312
0.938
0.9408
0.9386
0.9192
0.9368
0.9418
0.9404
0.9326
0.9312
0.946
0.9488
0.9386
0.9524
0.9472
0.9462
0.9366
0.924
0.9084
0.9434
0.9252
0.9406
0.9382
0.948
0.9388
0.9382
0.9124
0.9312
0.9166
0.9388
0.9404
0.945
0.947
0.9492
0.938
0.9336
0.9358
0.9384
0.9426
0.94
0.9472
0.931
0.8956
0.8826
0.943
0.9334
0.8846
0.913
0.9306
0.9438
0.9462
0.9278
0.9228
0.9346
0.9304
0.9244
0.9362
0.9028
0.9292
0.8784
0.9456
0.937
0.9376
0.9202
0.944
0.8492
0.8756
0.9198
0.9082
0.9444
0.94
0.9312
0.9248
0.9318
0.9384
0.9038
0.9364
0.946
0.9396
0.95
0.939
0.946
0.9344
0.9206
0.939
0.9396
0.949
0.9214
0.9334
0.9364
0.9386
0.9248
0.9406
0.9478
0.9452
0.9438
0.95
0.9506
0.9494
0.945
0.945
0.9428
0.9482
0.9508
0.95
0.9528
0.9528
0.948
0.9072
0.9362
0.9084
0.946
0.9486
0.9348
0.947
0.9208
0.9378
0.9396
0.9434
0.9364
0.9474
0.9454
0.932
0.932
0.903
0.9238
0.943
0.9066
0.9268
0.9394
0.9386
0.9386
0.9018
0.9408
0.913
0.9304
0.9356
0.9244
0.923
0.9418
0.9464
0.9448
0.95
0.899
0.9392
0.9472
0.9498
0.9516
0.9424
0.949
0.954
0.9556
0.9548
0.951
0.9522
0.9536
0.9494
0.9512
0.9516
0.951
0.9348
0.9024
0.9122
0.913
0.939
0.9414
0.9506
0.9522
0.9116
0.945
0.8786
0.893
0.8868
0.929
0.9454
0.9484
0.9456
0.9516
0.9338
0.9414
0.896
0.9464
0.9492
0.9452
0.9448
0.9468
0.941
0.9138
0.942
0.9296
0.9308
0.9464
0.927
0.9546
0.944
0.9478
0.9422
0.9394
0.9396
0.9152
0.9502
0.9522
0.954
0.955
0.9052
0.9494
0.929
0.9292
0.919
0.9158
0.923
0.9186
0.9224
0.9278
0.9434
0.9458
0.9474
0.934
0.9414
0.9034
0.9434
0.9508
0.9544
0.9456
0.9458
0.9248
0.9418
0.9218
0.9536
0.9524
0.946
0.9478
0.9524
0.9534
0.941
0.9038
0.9072
0.9306
0.918
0.9306
0.9212
0.9072
0.926
0.9366
0.9314
0.9336
0.934
0.9252
0.937
0.9312
0.9194
0.9344
0.9496
0.9272
0.9046
0.9182
0.93
0.9244
0.9244
0.9286
0.932
0.9346
0.943
0.9476
0.95
0.9448
0.8966
0.9312
0.9378
0.942
0.945
0.9516
0.9468
0.9416
0.9474
0.9484
0.949
0.923
0.9342
0.937
0.9346
0.9438
0.9276
0.931
0.9286
0.9392
0.9424
0.9358
0.9396
0.9246
0.9254
0.9376
0.9504
0.9546
0.9556
0.9436
0.9282
0.9446
0.929
0.9152
0.9524
0.9434
0.9458
0.9314
0.9376
0.9414
0.9434
0.919
0.854
0.9096
0.9084
0.9266
0.9062
0.9402
0.9414
0.9488
0.9454
0.9324
0.9502
0.9552
0.956
0.9458
0.953
0.9476
0.9518
0.9256
0.9462
0.9388
0.9362
0.933
0.9494
0.95
0.939
0.947
0.9474
0.9456
0.944
0.933
0.9508
0.9542
0.951
0.938
0.937
0.9318
0.9528
0.946
0.9374
0.9536
0.9534
0.9452
0.9482
0.948
0.9504
0.9506
0.951
0.9434
0.9424
0.949
0.9272
0.9452
0.951
0.947
0.949
0.9544
0.9254
0.9356
0.9122
0.9518
0.9422
0.9504
0.9534
0.9376
0.947
0.9466
0.957
0.937
0.9566
0.9556
0.9534
0.9448
0.9542
0.941
0.9542
0.9564
0.9538
0.95
0.9478
0.9514
0.948
0.9534
0.9498
0.9502
0.951
0.9464
0.945
0.9416
0.953
0.9438
0.8978
0.9112
0.9436
0.9444
0.9498
0.9502
0.8954
0.9086
0.9474
0.947
0.9472
0.947
0.9516
0.9576
0.951
0.9372
0.9578
0.958
0.9588
0.9406
0.9478
0.9522
0.9546
0.9432
0.9472
0.9426
0.9494
0.9554
0.949
0.9442
0.9494
0.9506
0.947
0.9588
0.9424
0.9486
0.9436
0.9456
0.9478
0.9386
0.932
0.9538
0.9544
0.9544
0.9558
0.9522
0.9422
0.9524
0.9532
0.9468
0.9328
0.8964
0.9204
0.9202
0.935
0.953
0.9482
0.9436
0.9496
0.9542
0.9236
0.9528
0.9534
0.9434
0.9524
0.953
0.9496
0.9492
0.9552
0.9544
0.955
0.9446
0.9604
0.9602
0.959
0.9518
0.9464
0.9404
0.9582
0.9338
0.9498
0.949
0.9512
0.9576
0.92
0.9446
0.9556
0.9562
0.9382
0.9568
0.9606
0.9602
0.9606
0.9616
0.9422
0.944
0.9488
0.9246
0.938
0.9472
0.904
0.9108
0.9556
0.958
0.9564
0.9352
0.957
0.956
0.9536
0.9476
0.9568
0.9556
0.959
0.9548
0.9196
0.9556
0.9496
0.9546
0.9532
0.9466
0.9286
0.9544
0.947
0.9388
0.95
0.9528
0.9346
0.951
0.9438
0.9572
0.9576
0.9622
0.962
0.9444
0.944
0.947
0.9448
0.9396
0.9506
0.9284
0.9344
0.9412
0.9452
0.9482
0.959
0.932
0.9486
0.9528
0.952
0.949
0.9508
0.9556
0.9516
0.939
0.954
0.9586
0.9258
0.9306
0.939
0.9514
0.959
0.9526
0.9502
0.9532
0.9556
0.949
0.9502
0.958
0.957
0.9536
0.9348
0.9304
0.9362
0.9526
0.9516
0.9544
0.9568
0.959
0.9592
0.956
0.9518
0.9502
0.955
0.9538
0.9392
0.9328
0.9336
0.944
0.9378
0.919
0.9034
0.92
0.9604
0.9242
0.957
0.9594
0.9256
0.9444
0.9482
0.9616
0.9494
0.9606
0.959
0.9598
0.95
0.9516
0.95
0.9352
0.9548
0.9572
0.957
0.9542
0.9532
0.9518
0.9488
0.9562
0.9612
0.957
0.9578
0.944
0.9484
0.9446
0.954
0.946
0.9396
0.9494
0.9514
0.952
0.9536
0.955
0.958
0.9586
0.9596
0.9602
0.96
0.9582
0.9576
0.9594
0.954
0.957
0.9578
0.9578
0.958
0.958
0.9574
0.9494
0.939
0.944
0.8798
0.9354
0.9344
0.9434
0.9552
0.943
0.9474
0.9556
0.957
0.9422
0.9288
0.9418
0.9592
0.9594
0.9546
0.9552
0.9576
0.9542
0.9496
0.9566
0.9618
0.956
0.9568
0.9524
0.9432
0.9418
0.9512
0.9502
0.957
0.9598
0.9514
0.9532
0.9582
0.9522
0.9532
0.9592
0.9184
0.956
0.9482
0.9566
0.9188
0.9288
0.9314
0.9256
0.9428
0.9444
0.9494
0.9556
0.956
0.9488
0.9504
0.953
0.953
0.958
0.96
0.9606
0.9476
0.962
0.9504
0.9594
0.942
0.9056
0.9096
0.908
0.9458
0.9524
0.9544
0.9548
0.9534
0.9592
0.9598
0.9598
0.9588
0.9562
0.9576
0.9576
0.9498
0.9544
0.945
0.9632
0.9432
0.9474
0.9568
0.9542
0.9576
0.9606
0.9598
0.9498
0.9552
0.902
0.9306
0.9378
0.935
0.941
0.9372
0.9384
0.9444
0.9456
0.9576
0.9596
0.9398
0.9366
0.962
0.9612
0.9616
0.9636
0.9532
0.9506
0.9574
0.9596
0.9652
0.9584
0.964
0.9566
0.955
0.961
0.9646
0.9648
0.9654
0.9398
0.9566
0.947
0.9616
0.9596
0.964
0.9252
0.9532
0.9566
0.9598
0.9592
0.9564
0.9532
0.95
0.9534
0.9288
0.96
0.9624
0.963
0.9622
0.9556
0.9556
0.9526
0.8874
0.9584
0.9592
0.958
0.959
0.9606
0.962
0.9634
0.9572
0.9218
0.9416
0.9304
0.9628
0.9244
0.9528
0.9586
0.9442
0.9338
0.9514
0.951
0.9528
0.9554
0.9592
0.9558
0.9512
0.9414
0.961
0.9612
0.964
0.943
0.9558
0.9574
0.952
0.9654
0.96
0.963
0.962
0.9622
0.966
0.9652
0.9512
0.9436
0.9366
0.9588
0.9622
0.9522
0.9614
0.9568
0.961
0.9586
0.9616
0.9638
0.9644
0.9624
0.96
0.962
0.9606
0.9522
0.9522
0.947
0.944
0.9494
0.9468
0.8904
0.9292
0.936
0.9362
0.9414
0.9468
0.9594
0.961
0.9346
0.9568
0.9476
0.9494
0.9532
0.9624
0.9632
0.9638
0.9554
0.9598
0.9258
0.926
0.9546
0.9136
0.9582
0.9418
0.9512
0.9552
0.9536
0.9402
0.9436
0.9634
0.9622
0.965
0.9558
0.9532
0.956
0.957
0.9574
0.9618
0.9448
0.957
0.935
0.9334
0.95
0.9536
0.9562
0.9578
0.9584
0.9622
0.9604
0.956
0.8922
0.9534
0.941
0.9606
0.9546
0.9576
0.9502
0.9548
0.9484
0.9542
0.9586
0.9594
0.9572
0.9544
0.9506
0.9552
0.9628
0.9472
0.9426
0.9536
0.9266
0.9256
0.9254
0.9372
0.9546
0.9594
0.9596
0.9564
0.959
0.9602
0.9596
0.961
0.9576
0.95
0.9384
0.9424
0.9536
0.953
0.959
0.9526
0.9544
0.9496
0.9506
0.9522
0.9532
0.9526
0.9524
0.9598
0.9554
0.9566
0.9576
0.9544
0.9546
0.935
0.949
0.9492
0.9378
0.9496
0.933
0.9548
0.952
0.96
0.9606
0.9592
0.956
0.9352
0.947
0.9282
0.9526
0.9584
0.9562
0.958
0.9588
0.9428
0.9478
0.9516
0.9564
0.961
0.953
0.9554
0.9476
0.9478
0.9556
0.957
0.9624
0.9628
0.9582
0.9556
0.9506
0.959
0.9558
0.952
0.9528
0.9464
0.9522
0.9368
0.947
0.9632
0.964
0.9576
0.9592
0.9598
0.9622
0.9602
0.9592
0.9382
0.9584
0.9614
0.9608
0.9548
0.958
0.9596
0.959
0.9386
0.9554
0.962
0.9624
0.9594
0.962
0.9626
0.9574
0.959
0.9626
0.9594
0.9544
0.9558
0.952
0.954
0.9628
0.9624
0.9582
0.939
0.9524
0.947
0.9618
0.9636
0.9552
0.9622
0.9614
0.9498
0.9524
0.9342
0.9578
0.9468
0.9564
0.9564
0.9614
0.9478
0.9572
0.9602
0.96
0.9498
0.9544
0.9392
0.9478
0.9508
0.931
0.9554
0.9554
0.957
0.9538
0.9522
0.9488
0.9528
0.955
0.9562
0.96
0.9582
0.964
0.9634
0.955
0.9584
0.9606
0.947
0.9586
0.9634
0.9618
0.9636
0.966
0.962
0.947
0.9552
0.9482
0.9622
0.9554
0.961
0.961
0.9652
0.9512
0.9192
0.954
0.9294
0.935
0.959
0.9606
0.9614
0.964
0.9646
0.9596
0.9552
0.9548
0.9314
0.9448
0.9532
0.9612
0.9292
0.9378
0.9632
0.9636
0.9644
0.9574
0.9458
0.9486
0.952
0.9522
0.9502
0.9394
0.9032
0.9276
0.9558
0.9598
0.9552
0.9594
0.9544
0.9404
0.9322
0.9568
0.959
0.9636
0.9656
0.9646
0.9638
0.9622
0.952
0.9648
0.964
0.9646
0.9634
0.963
0.9566
0.966
0.9626
0.9546
0.9588
0.9472
0.9114
0.934
0.9618
0.96
0.9612
0.9602
0.9518
0.9548
0.9442
0.9604
0.9374
0.9448
0.952
0.95
0.9538
0.964
0.9648
0.9414
0.9614
0.9634
0.9608
0.9516
0.9532
0.9652
0.9548
0.956
0.9366
0.9458
0.9596
0.949
0.9612
0.9492
0.9528
0.9648
0.9626
0.965
0.956
0.9616
0.9626
0.9648
0.9594
0.9586
0.9614
0.9582
0.9598
0.9582
0.9584
0.9572
0.9586
0.9394
0.9496
0.95
0.963
0.962
0.9644
0.9656
0.9612
0.959
0.961
0.962
0.9624
0.9644
0.9584
0.9582
0.9536
0.9548
0.9554
0.9564
0.9584
0.947
0.9536
0.9566
0.9596
0.9576
0.9384
0.909
0.9262
0.951
0.9548
0.9562
0.9684
0.9684
0.9558
0.9618
0.9612
0.9634
0.9644
0.947
0.9618
0.9552
0.9578
0.96
0.9596
0.9608
0.9482
0.961
0.9316
0.9338
0.9556
0.96
0.9616
0.9626
0.9656
0.9652
0.9566
0.962
0.9602
0.9694
0.97
0.969
0.9694
0.9688
0.9698
0.9578
0.9478
0.8808
0.9382
0.9532
0.9604
0.9628
0.9554
0.9518
0.9584
0.9588
0.9648
0.9652
0.94
0.9506
0.9542
0.9592
0.96
0.9598
0.963
0.966
0.9636
0.946
0.9632
0.9496
0.9622
0.9468
0.953
0.955
0.9614
0.9618
0.962
0.96
0.9586
0.956
0.9514
0.954
0.9648
0.9642
0.9664
0.9648
0.9652
0.9652
0.966
0.9672
0.958
0.9636
0.965
0.9662
0.9686
0.969
0.969
0.9682
0.968
0.9656
0.9662
0.9484
0.958
0.959
0.9634
0.9266
0.9586
0.957
0.9372
0.9512
0.9442
0.9606
0.9518
0.9524
0.9618
0.9578
0.9526
0.9634
0.9554
0.9634
0.9626
0.9552
0.9646
0.9638
0.9648
0.9596
0.9546
0.9572
0.9406
0.9616
0.9622
0.9392
0.9464
0.9606
0.965
0.9572
0.9592
0.9606
0.9606
0.961
0.9612
0.9596
0.9606
0.9624
0.9618
0.9546
0.9576
0.9352
0.9494
0.9274
0.9594
0.965
0.958
0.954
0.9516
0.9646
0.963
0.9682
0.9656
0.9658
0.9666
0.9666
0.9596
0.9596
0.965
0.9648
0.964
0.966
0.9606
0.9602
0.9612
0.9602
0.9598
0.964
0.966
0.9658
0.9662
0.9582
0.9602
0.9548
0.948
0.964
0.9644
0.9588
0.959
0.9604
0.9634
0.961
0.9536
0.9614
0.9618
0.958
0.9574
0.9604
0.9642
0.9644
0.961
0.9636
0.9612
0.9618
0.9618
0.9588
0.9606
0.9624
0.9624
0.9632
0.9632
0.9612
0.9474
0.9548
0.9414
0.9444
0.956
0.9512
0.927
0.9428
0.9562
0.9582
0.9614
0.9554
0.9432
0.9516
0.9602
0.9592
0.961
0.9694
0.9562
0.9604
0.9612
0.9604
0.964
0.9636
0.8882
0.9242
0.9604
0.958
0.9562
0.9606
0.9474
0.9594
0.9588
0.9494
0.952
0.9546
0.9566
0.9624
0.9624
0.9636
0.9626
0.962
0.9598
0.9612
0.9624
0.9632
0.9632
0.9646
0.9654
0.958
0.9578
0.9566
0.954
0.9552
0.9582
0.9622
0.9636
0.9684
0.963
0.9632
0.9596
0.9692
0.9682
0.9666
0.9666
0.9622
0.9632
0.9516
0.9532
0.958
0.9558
0.9552
0.9522
0.9578
0.9582
0.9616
0.9618
0.9616
0.9636
0.9626
0.9606
0.963
0.96
0.9634
0.956
0.9628
0.9644
0.95
0.9554
0.9582
0.9622
0.9566
0.957
0.9512
0.9648
0.9668
0.9666
0.9672
0.932
0.943
0.9674
0.9574
0.9522
0.9644
0.9642
0.9524
0.9592
0.9624
0.9622
0.9654
0.9646
0.9602
0.9666
0.9658
0.967
0.949
0.9676
0.963
0.97
0.9662
0.9632
0.9636
0.9026
0.9636
0.9644
0.9626
0.9656
0.9672
0.9634
0.9652
0.9662
0.9656
0.9686
0.967
0.9672
0.9566
0.9606
0.9624
0.9514
0.9574
0.946
0.9614
0.9602
0.954
0.9438
0.9456
0.9454
0.9588
0.9554
0.9604
0.9464
0.956
0.9452
0.9396
0.951
0.9596
0.9508
0.9648
0.9652
0.9662
0.9652
0.961
0.9652
0.9622
0.9626
0.9634
0.9644
0.9644
0.8868
0.937
0.9522
0.9394
0.9392
0.9594
0.961
0.9618
0.958
0.9642
0.9638
0.964
0.9346
0.9614
0.9578
0.9192
0.9484
0.957
0.9572
0.9592
0.969
0.9642
0.9596
0.955
0.9572
0.9618
0.964
0.9566
0.9604
0.9676
0.9606
0.9644
0.965
0.9666
0.9666
0.966
0.9676
0.9692
0.9696
0.97
0.9554
0.9578
0.966
0.9636
0.951
0.9514
0.937
0.9528
0.9634
0.9528
0.9624
0.9568
0.961
0.9626
0.9604
0.9562
0.9314
0.9616
0.9584
0.9602
0.958
0.956
0.958
0.9662
0.9628
0.9596
0.9622
0.9662
0.9684
0.965
0.9612
0.959
0.9608
0.9642
0.9642
0.9666
0.9672
0.9658
0.9484
0.9614
0.9612
0.963
0.9492
0.9588
0.9614
0.9668
0.9668
0.9668
0.9688
0.9682
0.9684
0.9408
0.9682
0.9606
0.9604
0.9646
0.9626
0.9632
0.9684
0.9512
0.9534
0.9652
0.966
0.9662
0.967
0.9532
0.9566
0.9562
0.9596
0.9634
0.9636
0.9558
0.954
0.9654
0.9534
0.9528
0.9578
0.9626
0.9596
0.9616
0.955
0.958
0.9644
0.9646
0.9662
0.9576
0.9586
0.9246
0.9354
0.958
0.9594
0.9508
0.966
0.9674
0.9624
0.9662
0.9664
0.9638
0.9606
0.9668
0.965
0.9532
0.966
0.966
0.966
0.9664
0.9678
0.9684
0.9624
0.964
0.9608
0.9634
0.966
0.953
0.9426
0.9662
0.965
0.9534
0.9574
0.9594
0.9572
0.9586
0.9632
0.9626
0.9626
0.963
0.965
0.9554
0.9522
0.951
0.9572
0.9552
0.9612
0.9598
0.9628
0.963
0.9626
0.961
0.9606
0.9608
0.9588
0.964
0.965
0.9652
0.9646
0.9634
0.9668
0.9672
0.967
0.9678
0.9656
0.9636
0.9624
0.9618
0.965
0.9646
0.9424
0.9638
0.9662
0.9646
0.9676
0.9638
0.97
0.97
0.9694
0.969
0.9694
0.9676
0.9472
0.9666
0.9664
0.9672
0.9672
0.9648
0.9654
0.9628
0.9608
0.9616
0.9626
0.927
0.9436
0.9256
0.9518
0.955
0.9582
0.9546
0.9526
0.9636
0.9666
0.9672
0.9692
0.965
0.9696
0.9696
0.9682
0.9674
0.9644
0.966
0.9414
0.9432
0.9516
0.9438
0.965
0.9664
0.9552
0.9574
0.951
0.9584
0.9552
0.9642
0.9654
0.9674
0.963
0.9658
0.957
0.962
0.9608
0.96
0.959
0.9612
0.9516
0.9522
0.9604
0.9488
0.9514
0.9666
0.9676
0.9532
0.9578
0.9594
0.9622
0.963
0.9632
0.9596
0.9608
0.9648
0.9538
0.938
0.949
0.9604
0.9614
0.9708
0.9704
0.97
0.9698
0.9698
0.9696
0.9658
0.9656
0.9586
0.9614
0.943
0.9474
0.9586
0.9612
0.9658
0.967
0.9682
0.9624
0.9618
0.959
0.965
0.9574
0.9616
0.9662
0.9642
0.9604
0.9444
0.959
0.963
0.9638
0.963
0.9638
0.964
0.9678
0.9678
0.9674
0.968
0.9596
0.9666
0.968
0.9682
0.9684
0.9668
0.957
0.9574
0.962
0.9524
0.9496
0.96
0.9608
0.958
0.9634
0.9636
0.965
0.9674
0.9668
0.9488
0.956
0.9468
0.9542
0.9574
0.9536
0.9586
0.937
0.9604
0.9598
0.9634
0.9638
0.964
0.9614
0.961
0.9472
0.9578
0.9576
0.9448
0.9542
0.9626
0.9564
0.9668
0.9674
0.9686
0.9588
0.9598
0.9606
0.9602
0.9628
0.9636
0.9636
0.9602
0.9626
0.9632
0.966
0.967
0.9646
0.9648
0.9682
0.9498
0.9386
0.957
0.9584
0.9582
0.9552
0.9602
0.9566
0.9562
0.9414
0.957
0.9624
0.9618
0.9678
0.961
0.9612
0.9644
0.9658
0.9612
0.961
0.932
0.9412
0.9594
0.9622
0.9644
0.9658
0.9652
0.9656
0.9676
0.9638
0.9558
0.8768
0.9504
0.9596
0.9624
0.9548
0.9626
0.9628
0.9624
0.9602
0.9632
0.9636
0.96
0.9646
0.9656
0.9224
0.944
0.9592
0.9624
0.9626
0.9558
0.961
0.9638
0.9582
0.9588
0.9564
0.9604
0.9638
0.9654
0.9658
0.9618
0.957
0.9622
0.9554
0.9588
0.9654
0.9668
0.9688
0.9706
0.959
0.9576
0.9642
0.9646
0.9632
0.9552
0.9592
0.9546
0.9558
0.9618
0.9546
0.9624
0.96
0.9612
0.9634
0.968
0.9544
0.9374
0.9486
0.9634
0.9666
0.9672
0.9636
0.9626
0.9636
0.9648
0.9684
0.9646
0.965
0.9654
0.9558
0.9598
0.9584
0.9588
0.96
0.9544
0.964
0.964
0.9654
0.9654
0.9628
0.9638
0.9636
0.9532
0.9554
0.9652
0.9628
0.9596
0.9598
0.9562
0.9468
0.9558
0.9378
0.9584
0.9594
0.9598
0.9576
0.9252
0.9484
0.9672
0.9608
0.9516
0.9586
0.9626
0.9598
0.96
0.9608
0.9614
0.9544
0.9584
0.961
0.9662
0.9678
0.9618
0.9618
0.9296
0.8994
0.9664
0.9688
0.9694
0.9684
0.966
0.9662
0.969
0.9704
0.9574
0.9578
0.9644
0.9592
0.958
0.959
0.9558
0.9694
0.9692
0.9652
0.955
0.957
0.9596
0.9688
0.9576
0.9582
0.9562
0.9624
0.959
0.964
0.9644
0.9644
0.9642
0.9666
0.9672
0.966
0.966
0.9606
0.9594
0.9604
0.961
0.9608
0.9634
0.9618
0.9616
0.962
0.9628
0.9594
0.9624
0.964
0.9666
0.965
0.958
0.9396
0.9476
0.9426
0.9582
0.947
0.9676
0.9686
0.9692
0.9688
0.9666
0.9668
0.9636
0.9618
0.9624
0.9614
0.9652
0.9506
0.9592
0.9562
0.9618
0.9588
0.96
0.9622
0.9638
0.961
0.9664
0.966
0.9644
0.966
0.9618
0.964
0.9604
0.9604
0.964
0.969
0.9684
0.969
0.9374
0.9598
0.956
0.956
0.9562
0.9518
0.9624
0.9638
0.9536
0.9468
0.9628
0.9546
0.9588
0.96
0.9648
0.9598
0.9618
0.964
0.948
0.9576
0.9502
0.9634
0.9586
0.9616
0.965
0.9668
0.9606
0.9612
0.9636
0.9492
0.9646
0.9584
0.96
0.9578
0.9624
0.9576
0.963
0.9554
0.9164
0.9548
0.9532
0.9556
0.9486
0.956
0.9636
0.9652
0.9662
0.962
0.9572
0.9524
0.9556
0.958
0.9596
0.959
0.957
0.9464
0.9596
0.95
0.9646
0.9642
0.9636
0.9566
0.854
0.9364
0.944
0.9476
0.9526
0.9428
0.9488
0.93
0.9022
0.964
0.9678
0.9674
0.9674
0.9678
0.9624
0.963
0.9642
0.9606
0.9698
0.9698
0.969
0.9688
0.9686
0.9694
0.9692
0.969
0.9676
0.9702
0.9706
0.9708
0.9692
0.9688
0.952
0.9686
0.9692
0.9704
0.9686
0.967
0.9628
0.966
0.9568
0.9512
0.9654
0.9648
0.9686
0.9672
0.9676
0.9652
0.9694
0.9522
0.9616
0.9604
0.9622
0.9628
0.9662
0.9544
0.9656
0.9666
0.9418
0.9552
0.9622
0.9632
0.9686
0.9694
0.968
0.952
0.9516
0.9486
0.9612
0.9632
0.964
0.9644
0.9664
0.9666
0.9674
0.9682
0.9684
0.9682
0.9686
0.9618
0.9648
0.965
0.9646
0.96
0.9484
0.9548
0.96
0.9612
0.962
0.966
0.9662
0.9596
0.9628
0.9608
0.956
0.9616
0.9638
0.9646
0.9656
0.9702
0.9694
0.9692
0.969
0.9692
0.9684
0.9692
0.9664
0.9666
0.9682
0.9684
0.9688
0.9688
0.9566
0.9612
0.9616
0.9674
0.9676
0.9672
0.9676
0.9656
0.9656
0.9674
0.9624
0.9618
0.9594
0.9612
0.966
0.9674
0.9622
0.9626
0.9664
0.9638
0.9518
0.9514
0.957
0.957
0.9638
0.962
0.9628
0.9632
0.9546
0.9626
0.965
0.9666
0.9666
0.959
0.9586
0.9618
0.9654
0.9668
0.9698
0.9718
0.9708
0.9704
0.969
0.9614
0.9616
0.9656
0.965
0.9664
0.9672
0.9696
0.9698
0.9702
0.97
0.9716
0.9704
0.955
0.9614
0.9562
0.9584
0.9648
0.965
0.9618
0.9684
0.966
0.9616
0.9636
0.9536
0.9576
0.9592
0.9622
0.966
0.9658
0.9648
0.9718
0.9718
0.972
0.9686
0.9622
0.9638
0.9656
0.965
0.9658
0.9676
0.9674
0.946
0.965
0.9682
0.9672
0.9648
0.9658
0.9698
0.9632
0.9648
0.9694
0.9616
0.9682
0.9698
0.9704
0.97
0.972
0.9726
0.9692
0.9698
0.9682
0.97
0.9712
0.969
0.9716
0.9682
0.9676
0.9718
0.9554
0.9558
0.9648
0.9576
0.9638
0.9654
0.967
0.9706
0.9612
0.9648
0.967
0.97
0.9688
0.9636
0.9634
0.9418
0.9614
0.9656
0.9562
0.9648
0.9662
0.9678
0.9646
0.9562
0.9542
0.966
0.9684
0.9564
0.9664
0.9666
0.9682
0.9692
0.9684
0.9708
0.9714
0.9656
0.9556
0.956
0.948
0.958
0.9452
0.967
0.9684
0.9684
0.9526
0.92
0.919
0.9512
0.961
0.9606
0.9604
0.9662
0.9678
0.9698
0.9676
0.97
0.9616
0.9662
0.969
0.9694
0.9704
0.971
0.9678
0.9688
0.9606
0.9598
0.9602
0.9622
0.9678
0.9728
0.969
0.9646
0.9628
0.965
0.9686
0.9666
0.9666
0.9682
0.9684
0.9684
0.9474
0.957
0.961
0.9602
0.9604
0.9442
0.9528
0.961
0.9514
0.964
0.9642
0.9636
0.9636
0.9688
0.9712
0.9712
0.9682
0.9686
0.97
0.9614
0.9636
0.9568
0.965
0.9706
0.9722
0.972
0.9726
0.9692
0.937
0.9256
0.9608
0.9662
0.967
0.9686
0.9632
0.9666
0.9678
0.9682
0.9688
0.9708
0.9708
0.971
0.9696
0.9072
0.942
0.9612
0.9614
0.9556
0.9616
0.9618
0.9618
0.9716
0.972
0.9662
0.9524
0.9646
0.9566
0.9576
0.9618
0.9618
0.9552
0.9536
0.9442
0.9496
0.9522
0.965
0.9658
0.968
0.9674
0.9682
0.968
0.9644
0.9572
0.9448
0.9306
0.941
0.9526
0.9526
0.9684
0.972
0.9694
0.9672
0.9674
0.97
0.9684
0.9678
0.9698
0.971
0.9702
0.9708
0.9626
0.9726
0.973
0.9722
0.9628
0.9662
0.9698
0.9674
0.9668
0.9614
0.9624
0.963
0.9566
0.9534
0.9572
0.9586
0.9632
0.9508
0.9546
0.9648
0.9572
0.9626
0.9452
0.9594
0.964
0.9574
0.9666
0.9666
0.9668
0.9686
0.966
0.959
0.9636
0.9688
0.9488
0.963
0.9662
0.9696
0.9658
0.9642
0.9676
0.9642
0.9542
0.9636
0.9632
0.9586
0.949
0.9552
0.9634
0.9646
0.965
0.9346
0.965
0.9692
0.966
0.967
0.9678
0.9678
0.9644
0.9654
0.9646
0.9698
0.9688
0.9678
0.9618
0.9682
0.97
0.9696
0.9696
0.9682
0.9646
0.9656
0.9576
0.9508
0.9622
0.9642
0.9654
0.9626
0.9476
0.9696
0.9668
0.9614
0.9516
0.9538
0.9626
0.9642
0.962
0.96
0.9684
0.9682
0.9706
0.9708
0.9704
0.9638
0.9704
0.9636
0.9564
0.9606
0.9588
0.9538
0.965
0.965
0.968
0.9702
0.9704
0.9704
0.9648
0.9684
0.9676
0.969
0.9698
0.9324
0.9298
0.9544
0.9552
0.9632
0.9628
0.965
0.9614
0.9634
0.9566
0.9666
0.9664
0.9698
0.9666
0.9668
0.9664
0.9656
0.966
0.9676
0.9702
0.9694
0.9696
0.9696
0.9684
0.9568
0.9588
0.9592
0.965
0.9598
0.9644
0.9638
0.9564
0.9574
0.9632
0.9696
0.9646
0.9598
0.9596
0.9648
0.966
0.9652
0.9606
0.9512
0.9662
0.9656
0.9692
0.9686
0.969
0.9682
0.9694
0.9696
0.9706
0.9572
0.953
0.9618
0.9604
0.9704
0.9702
0.9592
0.9672
0.9708
0.971
0.971
0.9722
0.9724
0.9722
0.9652
0.9598
0.9608
0.9678
0.9632
0.9606
0.9604
0.9682
0.968
0.9696
0.9692
0.9714
0.9716
0.9566
0.964
0.9482
0.9508
0.9646
0.9652
0.9662
0.9478
0.949
0.9604
0.964
0.9684
0.9558
0.9628
0.9678
0.9686
0.9686
0.9686
0.9678
0.9642
0.9622
0.9654
0.9668
0.9684
0.9668
0.9702
0.9706
0.9696
0.9696
0.9708
0.9642
0.968
0.9702
0.9716
0.9688
0.964
0.9488
0.9534
0.9626
0.9664
0.9672
0.9714
0.967
0.9712
0.9682
0.969
0.9702
0.9696
0.9732
0.973
0.973
0.9738
0.9736
0.9738
0.9718
0.968
0.968
0.9696
0.9614
0.9716
0.9666
0.9656
0.9676
0.9578
0.9598
0.964
0.9676
0.9682
0.9674
0.9672
0.9698
0.9696
0.9708
0.9642
0.9514
0.9636
0.954
0.9586
0.9612
0.9642
0.949
0.9378
0.949
0.9528
0.9682
0.9686
0.9544
0.9636
0.9594
0.9622
0.9668
0.9672
0.952
0.9622
0.9612
0.9628
0.9646
0.9552
0.944
0.9466
0.961
0.9632
0.9528
0.95
0.9574
0.9496
0.962
0.9476
0.9552
0.9478
0.9576
0.9606
0.959
0.969
0.959
0.965
0.9654
0.9622
0.9608
0.9664
0.96
0.9662
0.9712
0.9704
0.963
0.9654
0.9674
0.9696
0.9698
0.973
0.9712
0.9608
0.9608
0.9644
0.9568
0.9706
0.9708
0.9712
0.9708
0.971
0.9714
0.9718
0.9716
0.9698
0.9704
0.97
0.9704
0.965
0.9656
0.9696
0.9664
0.9672
0.9684
0.9546
0.9562
0.9642
0.9646
0.9602
0.9608
0.9614
0.9608
0.967
0.966
0.9686
0.9688
0.9708
0.9654
0.967
0.9668
0.9674
0.9658
0.9662
0.966
0.9598
0.9614
0.9692
0.9692
0.9654
0.9648
0.9654
0.9582
0.966
0.9626
0.961
0.9616
0.9624
0.9634
0.961
0.961
0.9652
0.965
0.9654
0.9656
0.9646
0.9562
0.9614
0.9646
0.9646
0.968
0.9684
0.9674
0.9678
0.9676
0.968
0.9686
0.964
0.9624
0.9638
0.9642
0.9636
0.9658
0.9658
0.9664
0.9648
0.9706
0.97
0.9686
0.9682
0.966
0.9668
0.9692
0.9598
0.9564
0.9694
0.961
0.9572
0.9662
0.9716
0.971
0.9718
0.9678
0.969
0.969
0.9648
0.9656
0.9694
0.968
0.9684
0.9624
0.9674
0.9696
0.9694
0.9696
0.9684
0.9566
0.9682
0.9686
0.97
0.9394
0.938
0.938
0.958
0.9596
0.9602
0.963
0.9336
0.9678
0.969
0.9688
0.9696
0.9698
0.9582
0.966
0.9622
0.9652
0.9704
0.9716
0.9364
0.9496
0.9676
0.9678
0.9686
0.9694
0.9726
0.971
0.9664
0.9724
0.9696
0.9718
0.9688
0.9656
0.9678
0.9678
0.9692
0.9702
0.9608
0.965
0.9686
0.9678
0.9682
0.9652
0.9686
0.9672
0.965
0.9638
0.9688
0.9704
0.9698
0.97
0.9712
0.9702
0.9702
0.969
0.9712
0.9726
0.9638
0.9666
0.9672
0.961
0.9616
0.9624
0.965
0.9612
0.967
0.9686
0.9696
0.9644
0.9644
0.9726
0.9656
0.9202
0.9368
0.9622
0.9666
0.9684
0.9724
0.9722
0.9636
0.967
0.9668
0.9666
0.9646
0.9608
0.966
0.9726
0.9732
0.9694
0.9694
0.9688
0.9678
0.9708
0.9664
0.9662
0.9718
0.9692
0.9712
0.9666
0.9374
0.9608
0.9592
0.9654
0.956
0.9622
0.9626
0.9386
0.9454
0.9522
0.9578
0.9628
0.9644
0.9686
0.9678
0.9712
0.9712
0.9718
0.9718
0.9714
0.9722
0.9662
0.9708
0.9712
0.9706
0.9664
0.9666
0.9668
0.9692
0.971
0.9586
0.9704
0.9664
0.9664
0.9622
0.9664
0.9684
0.9684
0.9686
0.969
0.9682
0.968
0.9546
0.9572
0.9642
0.9556
0.963
0.9628
0.9626
0.9702
0.9704
0.972
0.972
0.9714
0.9688
0.9684
0.9688
0.9704
0.9694
0.9726
0.973
0.964
0.9674
0.9644
0.964
0.966
0.9662
0.9688
0.9672
0.9674
0.962
0.9694
0.9688
0.9692
0.9632
0.9648
0.966
0.9652
0.966
0.9642
0.9638
0.9676
0.968
0.9468
0.9336
0.965
0.9684
0.9686
0.97
0.9638
0.961
0.9694
0.9694
0.9716
0.972
0.9716
0.9718
0.9718
0.9704
0.9714
0.9702
0.9686
0.9684
0.9678
0.9684
0.9692
0.9672
0.9684
0.9694
0.9694
0.9702
0.9714
0.9664
0.9696
0.969
0.9616
0.9688
0.9714
0.959
0.9598
0.9622
0.9624
0.966
0.9696
0.9698
0.968
0.9638
0.966
0.9642
0.9684
0.9672
0.9706
0.97
0.9714
0.9728
0.9706
0.9702
0.9674
0.9682
0.9538
0.9612
0.9562
0.964
0.965
0.968
0.9644
0.965
0.9642
0.9698
0.9714
0.9736
0.9746
0.974
0.9612
0.963
0.964
0.9638
0.9676
0.9726
0.9642
0.9648
0.9708
0.9678
0.9686
0.9672
0.9694
0.9692
0.9702
0.9702
0.9614
0.9728
0.9716
0.9594
0.961
0.974
0.965
0.9524
0.9596
0.9596
0.9676
0.9686
0.9638
0.9702
0.9722
0.9732
0.9728
0.9692
0.9696
0.9692
0.9692
0.9678
0.9674
0.9686
0.967
0.9494
0.9492
0.937
0.9492
0.9592
0.9598
0.9622
0.9574
0.9658
0.964
0.9636
0.9664
0.9666
0.9668
0.9674
0.9686
0.9664
0.9582
0.9614
0.9644
0.9652
0.968
0.969
0.9696
0.9696
0.9696
0.9672
0.9676
0.9722
0.9636
0.97
0.9716
0.9718
0.971
0.9716
0.9718
0.9716
0.968
0.9684
0.9668
0.9688
0.9686
0.9712
0.967
0.9646
0.9672
0.9654
0.968
0.9712
0.9708
0.9708
0.9722
0.973
0.9726
0.9686
0.9714
0.9668
0.963
0.9662
0.9682
0.9632
0.97
0.9686
0.9694
0.971
0.9652
0.9666
0.9712
0.9684
0.9702
0.9704
0.971
0.9686
0.9674
0.971
0.9714
0.9678
0.9666
0.9698
0.9696
0.9636
0.964
0.9676
0.9696
0.9606
0.9612
0.967
0.9694
0.9642
0.9688
0.9608
0.9674
0.9648
0.9562
0.9646
0.9646
0.9642
0.968
0.967
0.96
0.958
0.9648
0.9668
0.9676
0.9692
0.9698
0.968
0.9686
0.9672
0.968
0.9706
0.9662
0.9034
0.9596
0.9678
0.9694
0.9708
0.9714
0.9708
0.9496
0.9666
0.9636
0.9624
0.9656
0.9694
0.9688
0.9652
0.965
0.968
0.967
0.9686
0.9608
0.9542
0.9644
0.966
0.9696
0.969
0.9688
0.9718
0.971
0.9718
0.9592
0.9622
0.9636
0.9678
0.9532
0.9656
0.9628
0.9668
0.9624
0.9632
0.9648
0.9666
0.9636
0.9604
0.9654
0.967
0.97
0.9698
0.9694
0.9706
0.9708
0.9712
0.97
0.9716
0.9714
0.9564
0.9652
0.9586
0.9668
0.9548
0.968
0.9702
0.9708
0.9702
0.9702
0.9702
0.9694
0.9714
0.966
0.9734
0.9736
0.9702
0.9706
0.9714
0.9738
0.9738
0.9744
0.9746
0.9752
0.971
0.971
0.9706
0.9658
0.9664
0.967
0.9682
0.9664
0.97
0.971
0.9654
0.944
0.9572
0.9648
0.968
0.9652
0.964
0.9664
0.9684
0.9682
0.9688
0.973
0.9744
0.9734
0.9744
0.9738
0.9714
0.972
0.972
0.9576
0.9716
0.97
0.9694
0.9698
0.97
0.9706
0.9724
0.9674
0.9646
0.9676
0.9728
0.9678
0.9684
0.9532
0.9676
0.9682
0.9696
0.9734
0.9732
0.9716
0.9702
0.9678
0.9692
0.964
0.967
0.9682
0.962
0.949
0.9594
0.9628
0.9636
0.9692
0.9712
0.9654
0.9686
0.967
0.9672
0.9676
0.9678
0.9704
0.9554
0.957
0.9584
0.9648
0.9584
0.9598
0.9624
0.9628
0.969
0.9698
0.97
0.9574
0.957
0.969
0.9686
0.967
0.9618
0.9594
0.9612
0.9634
0.9634
0.9564
0.9632
0.9628
0.9634
0.9646
0.9546
0.9514
0.959
0.9642
0.9632
0.9646
0.9682
0.97
0.9658
0.971
0.9732
0.9734
0.9614
0.9634
0.9648
0.9656
0.9684
0.9736
0.973
0.974
0.9678
0.966
0.9642
0.9656
0.966
0.9696
0.9696
0.9642
0.9562
0.9584
0.967
0.969
0.9698
0.9698
0.9696
0.9656
0.9686
0.969
0.9732
0.9706
0.9728
0.9686
0.9696
0.9598
0.9642
0.965
0.9656
0.9646
0.9668
0.9682
0.9548
0.959
0.958
0.9612
0.9624
0.9668
0.9628
0.9672
0.9666
0.9648
0.965
0.9646
0.9664
0.9678
0.9654
0.9524
0.9598
0.9652
0.9566
0.9678
0.9718
0.9688
0.9704
0.9682
0.9676
0.9664
0.9658
0.966
0.9676
0.9676
0.9684
0.9642
0.9628
0.9714
0.972
0.9526
0.9354
0.9594
0.9598
0.9572
0.9616
0.9632
0.9648
0.9668
0.9686
0.9688
0.9664
0.9686
0.968
0.9708
0.9714
0.9704
0.9706
0.966
0.9712
0.9654
0.9642
0.9724
0.9724
0.9706
0.9702
0.968
0.9682
0.973
0.9734
0.9734
0.9748
0.975
0.9744
0.972
0.973
0.9722
0.9742
0.9648
0.968
0.9698
0.9694
0.9696
0.9658
0.972
0.973
0.973
0.9708
0.971
0.967
0.9684
0.972
0.973
0.9734
0.9748
0.9746
0.9766
0.9674
0.9712
0.9642
0.966
0.9668
0.968
0.9686
0.9738
0.9736
0.9738
0.9744
0.9744
0.9732
0.9722
0.9736
0.9742
0.9734
0.9532
0.9592
0.9676
0.9668
0.9648
0.9726
0.973
0.9732
0.973
0.9712
0.9714
0.9696
0.9662
0.9646
0.9668
0.9702
0.9666
0.9662
0.9666
0.969
0.9726
0.9746
0.9684
0.9682
0.9644
0.9646
0.9712
0.9604
0.9694
0.9682
0.9638
0.9652
0.9538
0.9544
0.9644
0.9686
0.97
0.9716
0.9694
0.9694
0.9698
0.9722
0.9724
0.9666
0.9666
0.967
0.9666
0.97
0.9708
0.9634
0.968
0.9618
0.9652
0.9656
0.9622
0.9632
0.94
0.9642
0.961
0.9662
0.969
0.9716
0.9712
0.9714
0.9714
0.9684
0.9652
0.97
0.9712
0.9724
0.9686
0.9692
0.9696
0.9696
0.971
0.9712
0.9702
0.9708
0.9712
0.9684
0.9688
0.9702
0.9712
0.9716
0.972
0.9692
0.953
0.9546
0.9682
0.972
0.9662
0.9684
0.9608
0.9638
0.9648
0.9658
0.969
0.9676
0.951
0.956
0.9604
0.9638
0.9696
0.9684
0.9686
0.9704
0.9728
0.9714
0.9644
0.9644
0.964
0.9706
0.9682
0.9664
0.968
0.9694
0.9658
0.9668
0.9668
0.968
0.9686
0.9688
0.9692
0.974
0.9738
0.9726
0.9674
0.9702
0.9648
0.9664
0.9672
0.969
0.9714
0.9718
0.9724
0.9704
0.97
0.9722
0.9624
0.9546
0.9722
0.971
0.9712
0.9718
0.972
0.9718
0.973
0.973
0.9726
0.9726
0.9728
0.9716
0.9712
0.9678
0.9684
0.9534
0.9574
0.961
0.9714
0.9722
0.9718
0.9716
0.9718
0.9692
0.9696
0.9664
0.9666
0.9672
0.9678
0.9704
0.9628
0.9636
0.963
0.965
0.9642
0.9674
0.9664
0.9678
0.9704
0.9694
0.9452
0.9598
0.969
0.9702
0.9712
0.9602
0.9638
0.9566
0.9614
0.9712
0.976
0.9754
0.9758
0.9702
0.9722
0.9712
0.9716
0.9692
0.9698
0.9666
0.9654
0.9576
0.959
0.9628
0.9608
0.9678
0.9642
0.9682
0.969
0.9726
0.9726
0.9738
0.974
0.9728
0.974
0.9736
0.9746
0.9762
0.9756
0.9756
0.9748
0.975
0.9754
0.971
0.9718
0.9744
0.974
0.9742
0.975
0.9736
0.9694
0.9692
0.9698
0.9698
0.9698
0.9704
0.9672
0.9672
0.9622
0.9678
0.9692
0.9684
0.9672
0.972
0.9736
0.9722
0.9726
0.9728
0.9726
0.9748
0.9728
0.9752
0.975
0.9744
0.9744
0.9744
0.9528
0.9522
0.9636
0.9688
0.9722
0.9722
0.9696
0.9714
0.9716
0.9726
0.9716
0.9734
0.9758
0.9702
0.9738
0.9736
0.974
0.975
0.969
0.9698
0.969
0.972
0.972
0.9696
0.9726
0.971
0.971
0.9714
0.9712
0.973
0.971
0.973
0.973
0.9736
0.9638
0.9664
0.9708
0.9716
0.971
0.9656
0.9702
0.9714
0.973
0.9724
0.9724
0.9714
0.9718
0.9714
0.9736
0.9728
0.9738
0.974
0.9752
0.974
0.9736
0.974
0.9732
0.972
0.975
0.975
0.9748
0.9732
0.9742
0.9736
0.9736
0.9738
0.971
0.9548
0.9708
0.9706
0.9708
0.9708
0.9728
0.9728
0.9742
0.9736
0.9734
0.9734
0.9738
0.9726
0.9726
0.9728
0.9728
0.9732
0.9752
0.975
0.9654
0.9656
0.9638
0.9736
0.9734
0.9734
0.9738
0.974
0.9748
0.9736
0.974
0.9732
0.9732
0.9732
0.9734
0.959
0.9706
0.9708
0.9652
0.9638
0.9666
0.971
0.9724
0.9722
0.9696
0.9712
0.9714
0.9722
0.9684
0.9688
0.9736
0.9754
0.9716
0.9708
0.9712
0.976
0.976
0.9758
0.9752
0.9634
0.9628
0.971
0.9738
0.9744
0.9734
0.972
0.974
0.9622
0.9592
0.97
0.9712
0.9726
0.973
0.9724
0.9724
0.9742
0.9676
0.9736
0.9768
0.9744
0.9748
0.9756
0.97
0.9656
0.9592
0.962
0.9642
0.9608
0.9646
0.9672
0.9678
0.9692
0.976
0.976
0.9772
0.9768
0.9764
0.9766
0.9754
0.976
0.9728
0.9744
0.9744
0.9764
0.9764
0.9766
0.969
0.973
0.971
0.9748
0.9762
0.9742
0.975
0.9738
0.974
0.9742
0.977
0.9748
0.9754
0.9744
0.9606
0.9626
0.9686
0.971
0.9672
0.9744
0.9724
0.9724
0.9716
0.9732
0.9692
0.9698
0.9698
0.9706
0.9714
0.9716
0.9722
0.9754
0.9764
0.9778
0.9748
0.975
0.9746
0.9748
0.9696
0.9738
0.9734
0.9762
0.9742
0.9756
0.9762
0.9736
0.975
0.9758
0.976
0.976
0.9756
0.9712
0.9696
0.9692
0.9582
0.968
0.9516
0.9622
0.962
0.96
0.9606
0.9684
0.97
0.9704
0.976
0.9748
0.9756
0.9752
0.9748
0.9764
0.974
0.974
0.9742
0.9742
0.9774
0.9774
0.9736
0.9754
0.9758
0.9758
0.9774
0.9732
0.9728
0.97
0.9688
0.9734
0.973
0.9734
0.9732
0.974
0.9738
0.9738
0.9712
0.9728
0.9732
0.9728
0.9728
0.9734
0.9726
0.972
0.9728
0.9728
0.975
0.9744
0.9732
0.9758
0.9742
0.974
0.975
0.9752
0.9756
0.9758
0.976
0.9756
0.9754
0.9682
0.9746
0.9766
0.9768
0.9768
0.9676
0.9682
0.9736
0.9736
0.9722
0.9722
0.9702
0.9702
0.9722
0.9736
0.9736
0.9752
0.9746
0.9642
0.9734
0.9736
0.9766
0.977
0.9768
0.9766
0.9766
0.977
0.9756
0.9756
0.975
0.9772
0.9772
0.976
0.9756
0.976
0.9762
0.9744
0.9692
0.9722
0.9722
0.9716
0.971
0.9712
0.9746
0.9724
0.9658
0.967
0.9512
0.9674
0.975
0.971
0.9772
0.9768
0.9766
0.977
0.9786
0.9752
0.975
0.975
0.9758
0.976
0.9762
0.9766
0.9766
0.971
0.9706
0.9738
0.974
0.9692
0.9724
0.9692
0.9692
0.97
0.9702
0.9718
0.9732
0.9728
0.9732
0.972
0.9742
0.9776
0.9778
0.9774
0.9776
0.9782
0.9786
0.9786
0.9784
0.9772
0.9776
0.977
0.9762
0.9776
0.9776
0.9778
0.9782
0.9768
0.9774
0.9694
0.9702
0.9742
0.9688
0.9622
0.976
0.9752
0.9754
0.975
0.9752
0.9762
0.9758
0.9756
0.9762
0.9766
0.9768
0.97
0.9702
0.9732
0.9752
0.9756
0.9716
0.9732
0.973
0.9742
0.9744
0.9762
0.9764
0.9754
0.9756
0.9662
0.9664
0.9708
0.9712
0.9616
0.964
0.9678
0.9714
0.9712
0.9714
0.9722
0.9724
0.9734
0.9756
0.9736
0.974
0.9744
0.971
0.972
0.972
0.9668
0.9678
0.9688
0.9694
0.9726
0.9722
0.9692
0.974
0.9736
0.974
0.9726
0.9728
0.9674
0.9728
0.9702
0.9708
0.9736
0.9768
0.977
0.9754
0.9754
0.9758
0.973
0.9718
0.9696
0.9708
0.9716
0.9704
0.9732
0.9734
0.9744
0.9712
0.964
0.9472
0.9478
0.9702
0.9716
0.9712
0.9742
0.9756
0.9752
0.961
0.971
0.9716
0.9694
0.9718
0.9648
0.9688
0.9698
0.973
0.9726
0.9718
0.9714
0.973
0.973
0.9728
0.971
0.9712
0.9728
0.9734
0.9736
0.9718
0.972
0.973
0.975
0.9746
0.9746
0.9756
0.9716
0.9676
0.964
0.969
0.97
0.97
0.9722
0.9738
0.9752
0.9756
0.9688
0.9692
0.9752
0.975
0.9754
0.9764
0.9728
0.9724
0.9696
0.9714
0.9724
0.9512
0.9684
0.9684
0.9686
0.9744
0.9756
0.976
0.9734
0.9738
0.9718
0.9724
0.9732
0.9702
0.9716
0.9718
0.9692
0.9748
0.9746
0.9724
0.9696
0.972
0.972
0.9746
0.975
0.9666
0.9692
0.9702
0.9704
0.9712
0.9712
0.9716
0.972
0.9724
0.9716
0.9742
0.9742
0.9728
0.973
0.974
0.9732
0.9746
0.9742
0.9732
0.9748
0.9744
0.9752
0.9716
0.9722
0.974
0.9744
0.9744
0.974
0.974
0.9672
0.9696
0.9696
0.9692
0.9716
0.9662
0.9724
0.9736
0.975
0.975
0.9744
0.9734
0.9694
0.9696
0.97
0.9722
0.9732
0.9724
0.9726
0.9738
0.974
0.9686
0.9634
0.965
0.9644
0.97
0.9692
0.9702
0.97
0.9712
0.9716
0.9734
0.9734
0.969
0.969
0.9708
0.9742
0.974
0.9736
0.9734
0.9708
0.969
0.9676
0.9716
0.9716
0.9696
0.9704
0.9752
0.9752
0.975
0.9748
0.972
0.972
0.9746
0.9754
0.9754
0.9752
0.97
0.9714
0.973
0.9742
0.9746
0.9664
0.9672
0.9738
0.976
0.9754
0.9752
0.975
0.975
0.9748
0.9742
0.9688
0.9688
0.9684
0.9712
0.9688
0.9634
0.9688
0.9682
0.97
0.9702
0.9682
0.969
0.9746
0.9748
0.9672
0.972
0.971
0.9736
0.9722
0.972
0.9742
0.9754
0.976
0.9694
0.9708
0.974
0.976
0.9758
0.9756
0.9768
0.976
0.9762
0.9774
0.9772
0.9742
0.9684
0.9696
0.9734
0.9752
0.9754
0.9736
0.9734
0.9724
0.9696
0.9706
0.9576
0.969
0.9688
0.9698
0.9758
0.9782
0.9776
0.9722
0.973
0.9586
0.9678
0.971
0.9748
0.975
0.974
0.9764
0.9712
0.9734
0.9638
0.9652
0.9684
0.9626
0.9634
0.9678
0.9708
0.9704
0.9708
0.9718
0.9674
0.968
0.9702
0.9674
0.9736
0.9736
0.9752
0.9732
0.9736
0.97
0.9734
0.9732
0.9736
0.9706
0.9726
0.9714
0.9714
0.9726
0.9718
0.964
0.9656
0.9698
0.968
0.9674
0.9678
0.9694
0.9696
0.9726
0.9732
0.9696
0.9726
0.9616
0.9644
0.9642
0.973
0.9726
0.9722
0.9726
0.9728
0.973
0.9738
0.9736
0.9754
0.9746
0.9732
0.9732
0.9714
0.9722
0.9704
0.9744
0.9606
0.9608
0.9632
0.9596
0.9642
0.9686
0.9768
0.977
0.977
0.9774
0.9774
0.9774
0.9776
0.9778
0.9778
0.9736
0.9738
0.9706
0.9708
0.971
0.9762
0.9756
0.976
0.976
0.9762
0.9746
0.9736
0.971
0.9722
0.9704
0.9736
0.9668
0.973
0.9734
0.974
0.9738
0.9738
0.9656
0.971
0.972
0.972
0.971
0.9714
0.9736
0.9766
0.9738
0.9738
0.9744
0.9754
0.9768
0.977
0.977
0.973
0.9756
0.9758
0.9764
0.9706
0.9704
0.9708
0.9634
0.9618
0.969
0.9692
0.9688
0.9638
0.9694
0.9748
0.9756
0.9768
0.9766
0.9764
0.9772
0.9766
0.9768
0.944
0.9658
0.9746
0.975
0.9702
0.9672
0.9726
0.9732
0.9704
0.9706
0.9668
0.9742
0.975
0.9758
0.9762
0.9762
0.9696
0.9684
0.9754
0.9758
0.975
0.9708
0.9612
0.9606
0.961
0.9608
0.9664
0.9664
0.9734
0.9734
0.9736
0.9716
0.9726
0.9748
0.9764
0.9766
0.977
0.9764
0.9762
0.973
0.9686
0.9656
0.972
0.974
0.974
0.9746
0.9746
0.9746
0.9748
0.9762
0.976
0.9762
0.9772
0.9778
0.9684
0.9702
0.9728
0.9732
0.9726
0.9734
0.9738
0.9752
0.9758
0.9704
0.9708
0.9706
0.9644
0.968
0.967
0.9632
0.967
0.9572
0.9716
0.969
0.9696
0.9692
0.9704
0.9732
0.974
0.9688
0.973
0.9692
0.9702
0.9704
0.9724
0.972
0.9734
0.971
0.972
0.9724
0.9724
0.9724
0.9766
0.9762
0.975
0.975
0.9748
0.9764
0.9732
0.9722
0.974
0.9714
0.9724
0.9734
0.9756
0.9768
0.9716
0.9754
0.9752
0.9752
0.9756
0.9752
0.9754
0.9756
0.9732
0.9738
0.9744
0.9754
0.9746
0.9748
0.975
0.9752
0.9754
0.9738
0.9748
0.9744
0.9722
0.972
0.9738
0.9734
0.9682
0.9708
0.9706
0.9654
0.9736
0.9734
0.9734
0.9672
0.967
0.9674
0.9578
0.9644
0.9718
0.9728
0.9744
0.9708
0.971
0.9716
0.9746
0.9732
0.9746
0.9722
0.9718
0.9716
0.972
0.9718
0.9712
0.973
0.9746
0.9734
0.975
0.974
0.9766
0.9754
0.9762
0.9764
0.9758
0.9766
0.977
0.976
0.9744
0.9748
0.9736
0.9732
0.9746
0.972
0.9724
0.9732
0.975
0.9746
0.9732
0.9738
0.9744
0.9758
0.9758
0.9762
0.9742
0.973
0.9734
0.9742
0.9752
0.975
0.9758
0.9754
0.9716
0.9706
0.9706
0.9726
0.9686
0.97
0.9714
0.97
0.97
0.9738
0.9712
0.9746
0.9746
0.9742
0.9742
0.9756
0.9738
0.9752
0.9748
0.9748
0.9708
0.973
0.9734
0.9682
0.9682
0.9684
0.9692
0.9698
0.97
0.9724
0.973
0.9734
0.9736
0.97
0.9702
0.968
0.9716
0.972
0.9608
0.9656
0.969
0.9696
0.9702
0.9664
0.97
0.9734
0.9746
0.9716
0.9718
0.9716
0.9732
0.9718
0.9722
0.9732
0.973
0.973
0.9736
0.9548
0.9624
0.9634
0.972
0.972
0.9668
0.975
0.9766
0.9744
0.9722
0.9738
0.972
0.9718
0.972
0.9724
0.9758
0.969
0.9598
0.9578
0.9636
0.9662
0.9674
0.9654
0.9644
0.9642
0.9674
0.964
0.9738
0.9748
0.968
0.9722
0.9726
0.9722
0.973
0.963
0.964
0.9704
0.9726
0.972
0.968
0.9684
0.969
0.9688
0.97
0.97
0.9584
0.9718
0.976
0.9732
0.969
0.9744
0.9738
0.9732
0.9732
0.9722
0.9724
0.972
0.9722
0.9736
0.9742
0.9738
0.9734
0.974
0.9742
0.9744
0.9744
0.9754
0.9698
0.9734
0.9728
0.9752
0.9756
0.974
0.9716
0.97
0.9706
0.971
0.969
0.9722
0.9628
0.9704
0.9718
0.973
0.9728
0.9736
0.97
0.9716
0.9684
0.968
0.965
0.9634
0.9734
0.971
0.9722
0.9692
0.9728
0.9758
0.9754
0.9752
0.9758
0.9754
0.9564
0.9734
0.9748
0.9738
0.968
0.9682
0.9728
0.9736
0.974
0.9742
0.9734
0.9732
0.9736
0.9706
0.9736
0.9724
0.9708
0.9706
0.9672
0.9688
0.972
0.9726
0.9732
0.9742
0.9742
0.959
0.962
0.9672
0.9688
0.9686
0.9698
0.973
0.9734
0.974
0.9734
0.9718
0.9746
0.9744
0.9738
0.9744
0.9738
0.9734
0.9726
0.9736
0.9722
0.9728
0.9752
0.971
0.9704
0.9708
0.9686
0.9728
0.9734
0.9732
0.9754
0.9754
0.9664
0.9702
0.9724
0.9698
0.9628
0.9682
0.9606
0.9642
0.9688
0.9728
0.973
0.9694
0.9706
0.9726
0.9736
0.9732
0.9742
0.9734
0.9674
0.9618
0.9708
0.9714
0.9738
0.9728
0.9704
0.972
0.977
0.9774
0.976
0.9768
0.977
0.9766
0.9762
0.976
0.9764
0.975
0.9748
0.974
0.9744
0.975
0.9758
0.9758
0.9746
0.9752
0.9758
0.9766
0.9746
0.9756
0.9754
0.9752
0.9736
0.9744
0.975
0.975
0.974
0.974
0.9744
0.9744
0.9746
0.972
0.972
0.973
0.9732
0.9734
0.9678
0.9728
0.9716
0.9756
0.9746
0.9746
0.976
0.9752
0.9712
0.9742
0.9736
0.9706
0.9726
0.9744
0.9742
0.9738
0.9628
0.964
0.9686
0.976
0.9762
0.9764
0.9742
0.9768
0.9764
0.9742
0.973
0.9718
0.975
0.9746
0.9746
0.9758
0.9744
0.9746
0.974
0.9738
0.9754
0.9756
0.9758
0.9774
0.9768
0.9766
0.9764
0.976
0.9772
0.9772
0.9764
0.9756
0.9754
0.9708
0.9724
0.9734
0.96
0.9664
0.9664
0.9688
0.9572
0.9602
0.9622
0.969
0.9708
0.971
0.9728
0.9724
0.9752
0.9758
0.9768
0.9672
0.9688
0.9732
0.974
0.9694
0.9712
0.9714
0.9724
0.9736
0.974
0.974
0.9744
0.9634
0.9722
0.9722
0.9742
0.9752
0.9756
0.9746
0.972
0.9672
0.9732
0.9746
0.9742
0.9514
0.9534
0.955
0.9708
0.9708
0.9706
0.9714
0.9714
0.9712
0.9628
0.9662
0.9732
0.9718
0.9668
0.9676
0.9676
0.972
0.966
0.9756
0.975
0.9738
0.9742
0.9722
0.9736
0.9734
0.972
0.9738
0.974
0.9758
0.975
0.974
0.9744
0.9712
0.9718
0.9752
0.9724
0.9746
0.9732
0.9728
0.9728
0.9738
0.9744
0.9746
0.9746
0.9734
0.9732
0.974
0.9758
0.9752
0.9746
0.9754
0.9758
0.9752
0.9754
0.974
0.975
0.9634
0.9642
0.965
0.9586
0.9584
0.9712
0.9614
0.9614
0.9644
0.9738
0.9738
0.9716
0.9702
0.969
0.9692
0.9626
0.9704
0.9706
0.97
0.9692
0.9688
0.9698
0.9698
0.971
0.9668
0.9688
0.9708
0.9708
0.9704
0.9724
0.976
0.9714
0.972
0.972
0.974
0.9676
0.9634
0.9738
0.9702
0.972
0.9716
0.974
0.974
0.9758
0.974
0.969
0.9726
0.973
0.9728
0.9728
0.9706
0.9732
0.9738
0.9734
0.974
0.972
0.972
0.9718
0.9718
0.9742
0.9736
0.9724
0.9728
0.9726
0.9732
0.9732
0.972
0.9722
0.9724
0.9724
0.9716
0.972
0.9624
0.9752
0.9742
0.971
0.9664
0.9674
0.968
0.9698
0.9704
0.9704
0.9706
0.9706
0.9716
0.9738
0.971
0.9738
0.9742
0.9744
0.9748
0.9748
0.9696
0.9726
0.9744
0.974
0.9744
0.967
0.9718
0.9726
0.9726
0.9736
0.9692
0.9694
0.9724
0.9734
0.9746
0.9734
0.9742
0.974
0.9746
0.9744
0.9752
0.975
0.9716
0.9728
0.9704
0.9704
0.9708
0.9666
0.9674
0.9624
0.9628
0.9676
0.9694
0.9716
0.966
0.9662
0.967
0.9636
0.9634
0.952
0.945
0.9556
0.9698
0.9704
0.9704
0.9696
0.9726
0.9706
0.97
0.968
0.968
0.971
0.9702
0.9718
0.9732
0.9708
0.9718
0.959
0.9736
0.9736
0.9736
0.9742
0.977
0.9762
0.9692
0.9722
0.974
0.976
0.9724
0.9754
0.9754
0.9736
0.9748
0.9742
0.9742
0.9748
0.971
0.9668
0.967
0.9674
0.9648
0.9634
0.9752
0.977
0.9744
0.9716
0.9744
0.9718
0.9756
0.9758
0.9768
0.9758
0.9762
0.9678
0.9698
0.97
0.9664
0.9566
0.958
0.9586
0.9644
0.9652
0.9658
0.9686
0.9744
0.9742
0.9746
0.9756
0.9776
0.9768
0.9772
0.9756
0.9752
0.9762
0.9736
0.9732
0.9744
0.9728
0.9726
0.9724
0.972
0.972
0.9718
0.9762
0.976
0.9758
0.9744
0.9752
0.971
0.9744
0.9742
0.974
0.9738
0.975
0.9748
0.9752
0.9748
0.9746
0.974
0.975
0.975
0.9726
0.9702
0.9656
0.9692
0.9674
0.9704
0.9722
0.9726
0.9734
0.9734
0.9712
0.972
0.975
0.9744
0.9744
0.9744
0.9742
0.975
0.975
0.9738
0.9722
0.9724
0.9726
0.9724
0.9752
0.9754
0.9746
0.9774
0.9744
0.975
0.9752
0.9762
0.9762
0.9768
0.9768
0.9766
0.9766
0.9752
0.9766
0.976
0.9754
0.9754
0.9722
0.9714
0.972
0.9718
0.9728
0.973
0.974
0.9728
0.975
0.975
0.9754
0.964
0.9706
0.9708
0.9628
0.9688
0.9712
0.9768
0.9688
0.9704
0.9718
0.973
0.9754
0.9758
0.9742
0.9766
0.9776
0.9782
0.9782
0.9764
0.9768
0.9708
0.9722
0.9726
0.9724
0.9766
0.974
0.9772
0.9754
0.9748
0.9708
0.9676
0.9718
0.9718
0.9728
0.9746
0.9724
0.9726
0.9732
0.962
0.97
0.9728
0.9746
0.9734
0.974
0.9768
0.9766
0.9762
0.9696
0.9748
0.9756
0.9774
0.9788
0.9772
0.9766
0.971
0.9718
0.9738
0.971
0.97
0.9732
0.9706
0.9716
0.9758
0.9766
0.9766
0.9768
0.975
0.9744
0.9758
0.9758
0.9724
0.9716
0.9728
0.9732
0.9774
0.9752
0.9754
0.9756
0.9758
0.9762
0.9764
0.9764
0.9748
0.9758
0.9762
0.9762
0.9762
0.976
0.9694
0.9738
0.9744
0.9738
0.9744
0.9742
0.9744
0.969
0.9704
0.9716
0.9706
0.9734
0.9738
0.9716
0.9714
0.9718
0.973
0.9736
0.97
0.9716
0.9744
0.975
0.9762
0.9762
0.971
0.9762
0.9764
0.9762
0.977
0.9754
0.9754
0.975
0.9748
0.975
0.9732
0.9748
0.9748
0.9736
0.9636
0.9736
0.9736
0.9692
0.9734
0.974
0.9752
0.9738
0.9742
0.9678
0.9688
0.9694
0.9722
0.9724
0.9724
0.9564
0.966
0.9616
0.9678
0.9696
0.974
0.972
0.9694
0.9708
0.9702
0.971
0.97
0.9634
0.9672
0.9742
0.9716
0.9756
0.9722
0.9732
0.9726
0.9746
0.9744
0.975
0.9754
0.972
0.9742
0.9736
0.9736
0.9736
0.9738
0.9738
0.9736
0.973
0.974
0.9742
0.974
0.9704
0.9704
0.9684
0.967
0.968
0.9692
0.9724
0.971
0.9742
0.9752
0.975
0.9754
0.974
0.9572
0.9624
0.966
0.969
0.969
0.9732
0.9666
0.967
0.9672
0.951
0.9524
0.9624
0.9592
0.9682
0.9696
0.97
0.9706
0.9688
0.966
0.9714
0.9692
0.9676
0.9654
0.9674
0.9708
0.9704
0.9702
0.9674
0.9732
0.9684
0.9706
0.9712
0.9712
0.9718
0.974
0.9746
0.9742
0.9756
0.9764
0.976
0.9768
0.9754
0.9746
0.9604
0.9412
0.9704
0.9676
0.9678
0.9684
0.9728
0.9704
0.9706
0.9708
0.971
0.9736
0.9762
0.976
0.971
0.9718
0.9662
0.9772
0.9772
0.9778
0.9754
0.9756
0.9764
0.9742
0.9734
0.9732
0.9754
0.9758
0.9758
0.9758
0.9782
0.978
0.9774
0.9784
0.978
0.978
0.9788
0.978
0.9768
0.9764
0.9762
0.9752
0.9756
0.976
0.9774
0.9762
0.977
0.9752
0.9758
0.9764
0.9766
0.9752
0.9756
0.9756
0.97
0.97
0.9712
0.9712
0.9682
0.968
0.9716
0.9744
0.9744
0.9724
0.9726
0.972
0.9668
0.9696
0.9698
0.9684
0.9718
0.9732
0.9752
0.972
0.9742
0.9738
0.9748
0.9726
0.9724
0.9622
0.9662
0.9654
0.9682
0.9758
0.9776
0.9592
0.9712
0.973
0.9704
0.9728
0.9746
0.9738
0.9736
0.9734
0.971
0.9756
0.9712
0.973
0.9728
0.9742
0.973
0.9728
0.9734
0.9738
0.9704
0.9706
0.9678
0.9698
0.9694
0.968
0.968
0.9722
0.9726
0.9724
0.973
0.9684
0.9704
0.9706
0.972
0.971
0.9718
0.9702
0.97
0.968
0.9514
0.9662
0.9742
0.9748
0.9748
0.9746
0.9748
0.975
0.974
0.9736
0.9762
0.9762
0.9764
0.9772
0.976
0.9764
0.969
0.9698
0.972
0.972
0.9716
0.971
0.9714
0.9754
0.9754
0.9724
0.9722
0.9714
0.9706
0.974
0.9742
0.9742
0.9736
0.9738
0.974
0.9728
0.9754
0.972
0.9708
0.9732
0.9736
0.9736
0.9734
0.973
0.9708
0.974
0.9654
0.9608
0.9646
0.9676
0.9688
0.9708
0.9724
0.9724
0.9728
0.9714
0.9716
0.9722
0.9738
0.9726
0.9646
0.9426
0.9494
0.951
0.9546
0.9608
0.9682
0.965
0.9688
0.9704
0.9704
0.9688
0.969
0.9736
0.9734
0.9736
0.9736
0.9692
0.9694
0.9696
0.967
0.9714
0.9718
0.972
0.973
0.9708
0.9714
0.973
0.9734
0.9622
0.9676
0.9678
0.9694
0.9706
0.9706
0.9714
0.9714
0.9718
0.9726
0.971
0.9684
0.968
0.9678
0.971
0.97
0.9684
0.9728
0.9754
0.9746
0.975
0.9642
0.9648
0.974
0.972
0.9722
0.9728
0.9728
0.9738
0.9746
0.9742
0.974
0.9742
0.9754
0.9746
0.9744
0.9748
0.975
0.9746
0.9752
0.9736
0.9734
0.974
0.974
0.9736
0.9708
0.9732
0.9728
0.9742
0.9738
0.9734
0.9746
0.9696
0.973
0.9746
0.9656
0.9654
0.9524
0.9608
0.9732
0.973
0.9758
0.977
0.9776
0.9772
0.9766
0.9752
0.9738
0.9708
0.9678
0.9734
0.9732
0.973
0.9728
0.9656
0.9516
0.9716
0.965
0.9676
0.9694
0.9766
0.9746
0.9764
0.9764
0.9756
0.9754
0.9774
0.9776
0.9764
0.978
0.9778
0.9782
0.9778
0.977
0.9748
0.9672
0.9676
0.968
0.9688
0.9736
0.9728
0.9732
0.9704
0.969
0.9738
0.9722
0.9708
0.9714
0.973
0.974
0.9684
0.971
0.976
0.9772
0.9762
0.9736
0.9742
0.9746
0.9742
0.9734
0.9736
0.9748
0.9736
0.972
0.9716
0.9712
0.9748
0.9756
0.9762
0.9762
0.9762
0.9762
0.9762
0.9734
0.9732
0.9732
0.9738
0.9718
0.9652
0.9714
0.972
0.9612
0.9652
0.9728
0.9728
0.9732
0.9736
0.9708
0.9706
0.972
0.9722
0.9692
0.972
0.972
0.9618
0.9614
0.9674
0.9692
0.9734
0.9736
0.974
0.9732
0.9734
0.9746
0.9742
0.9746
0.9746
0.9586
0.9738
0.9736
0.9744
0.977
0.9768
0.9772
0.9772
0.9772
0.9774
0.9774
0.976
0.9726
0.972
0.9676
0.9714
0.9722
0.9738
0.9686
0.9696
0.9698
0.9702
0.9734
0.9734
0.9704
0.9704
0.9742
0.9742
0.9746
0.9738
0.974
0.9756
0.9762
0.9774
0.9754
0.97
0.964
0.969
0.9724
0.9726
0.9738
0.9748
0.9744
0.973
0.9734
0.9732
0.9662
0.9664
0.967
0.9674
0.9708
0.9708
0.973
0.9762
0.972
0.972
0.9724
0.9716
0.972
0.9726
0.9712
0.9734
0.9664
0.9668
0.9596
0.9724
0.9692
0.9718
0.9676
0.9726
0.9734
0.9746
0.9748
0.9718
0.9656
0.9672
0.9746
0.9752
0.974
0.9742
0.9734
0.9752
0.9742
0.9712
0.9714
0.9714
0.9738
0.9706
0.973
0.9742
0.9784
0.9778
0.9778
0.9718
0.9662
0.9674
0.9664
0.9762
0.9766
0.977
0.9768
0.9766
0.9708
0.971
0.9708
0.9704
0.9738
0.9672
0.9514
0.9532
0.9672
0.9702
0.9644
0.9692
0.9734
0.9734
0.973
0.9698
0.9744
0.9698
0.97
0.973
0.9748
0.9724
0.9752
0.9726
0.975
0.9752
0.9746
0.9752
0.9762
0.9752
0.9782
0.9782
0.9778
0.9776
0.9692
0.9698
0.9708
0.9718
0.9688
0.9766
0.9774
0.9768
0.9722
0.9726
0.9758
0.9762
0.9746
0.9768
0.977
0.9782
0.9778
0.978
0.9784
0.9706
0.9724
0.9728
0.976
0.9736
0.9726
0.9728
0.9772
0.9772
0.9774
0.9668
0.9706
0.9754
0.9756
0.9748
0.9702
0.9734
0.9742
0.974
0.9724
0.9714
0.9774
0.9772
0.9772
0.9772
0.9772
0.9774
0.976
0.9624
0.972
0.9722
0.9724
0.9728
0.9734
0.9578
0.9704
0.9698
0.9698
0.9694
0.9736
0.9744
0.9762
0.9762
0.9762
0.976
0.976
0.9766
0.9766
0.9758
0.976
0.9758
0.9758
0.9766
0.978
0.9768
0.9766
0.978
0.9764
0.9762
0.9776
0.976
0.9752
0.9754
0.9748
0.9744
0.9736
0.9642
0.9724
0.9712
0.9728
0.975
0.9734
0.9738
0.9738
0.9698
0.97
0.9724
0.967
0.9698
0.959
0.962
0.9676
0.9676
0.9688
0.9696
0.97
0.972
0.9728
0.9746
0.975
0.9744
0.975
0.975
0.9746
0.9752
0.9752
0.9708
0.9728
0.974
0.974
0.9746
0.9742
0.9762
0.9762
0.9764
0.9756
0.9732
0.9726
0.9726
0.9748
0.9756
0.9756
0.9762
0.9762
0.9752
0.9728
0.9736
0.974
0.958
0.9606
0.9766
0.9764
0.977
0.977
0.9748
0.9754
0.9704
0.9728
0.972
0.9688
0.9524
0.9744
0.9742
0.9732
0.975
0.9682
0.9732
0.9736
0.974
0.974
0.974
0.9682
0.9656
0.9708
0.9708
0.973
0.973
0.9706
0.9724
0.9732
0.9732
0.9744
0.9742
0.9742
0.9746
0.9746
0.9748
0.9734
0.9736
0.9696
0.973
0.9734
0.9738
0.974
0.9744
0.975
0.9758
0.9776
0.9774
0.9776
0.9786
0.9776
0.9774
0.978
0.978
0.9778
0.9778
0.9778
0.9778
0.9782
0.9782
0.9784
0.9744
0.9756
0.9774
0.9634
0.975
0.975
0.975
0.9758
0.9774
0.9774
0.9774
0.9778
0.9778
0.9774
0.9776
0.9778
0.9774
0.9774
0.9772
0.9754
0.975
0.9752
0.9752
0.9764
0.9768
0.9774
0.9772
0.977
0.9766
0.9752
0.975
0.9758
0.9744
0.9706
0.9736
0.9744
0.9732
0.9742
0.9734
0.9524
0.9734
0.977
0.977
0.977
0.9772
0.974
0.9738
0.9734
0.9744
0.97
0.9732
0.9728
0.9736
0.9738
0.9768
0.9768
0.9734
0.9742
0.9742
0.9746
0.9742
0.9744
0.9744
0.9764
0.977
0.9782
0.9782
0.9768
0.9754
0.9774
0.9774
0.9774
0.9766
0.975
0.976
0.9776
0.9776
0.9758
0.9762
0.9766
0.9762
0.9772
0.9778
0.9792
0.9792
0.9786
0.9784
0.9786
0.9784
0.9764
0.9762
0.9754
0.9716
0.9716
0.9718
0.9736
0.9726
0.9724
0.9736
0.9736
0.9738
0.975
0.9746
0.975
0.9752
0.975
0.9756
0.9764
0.9764
0.9764
0.9756
0.9724
0.9734
0.973
0.977
0.9768
0.9766
0.9724
0.9726
0.9736
0.977
0.9782
0.9782
0.9766
0.972
0.9718
0.9736
0.9722
0.9734
0.9746
0.9732
0.9746
0.9724
0.9718
0.9756
0.9702
0.9706
0.9724
0.9596
0.964
0.9706
0.9714
0.97
0.97
0.964
0.9686
0.9706
0.971
0.9732
0.9734
0.9678
0.9622
0.959
0.9688
0.9738
0.9752
0.9706
0.9762
0.9768
0.9772
0.977
0.975
0.9748
0.975
0.975
0.9754
0.9754
0.9752
0.9662
0.9684
0.9736
0.9744
0.975
0.9764
0.975
0.9754
0.971
0.9712
0.9716
0.9672
0.9728
0.9718
0.976
0.971
0.973
0.9748
0.975
0.9692
0.9696
0.9728
0.9742
0.9748
0.9738
0.9734
0.9744
0.9752
0.9752
0.9754
0.9754
0.976
0.974
0.9742
0.9714
0.9738
0.9742
0.9742
0.9746
0.9752
0.9756
0.9752
0.9748
0.9752
0.9748
0.9762
0.9764
0.9764
0.977
0.977
0.977
0.9768
0.9768
0.9764
0.9762
0.9762
0.9724
0.9724
0.9736
0.9732
0.9774
0.9764
0.9714
0.9714
0.975
0.9744
0.9746
0.974
0.9738
0.9716
0.9718
0.9726
0.9748
0.971
0.9708
0.971
0.973
0.9764
0.9766
0.9752
0.9762
0.9764
0.9764
0.9762
0.9762
0.976
0.976
0.9762
0.9766
0.975
0.975
0.9746
0.9748
0.9736
0.9726
0.9716
0.9718
0.9716
0.9726
0.9728
0.9744
0.9744
0.9752
0.9758
0.9752
0.977
0.9764
0.9764
0.9768
0.9766
0.976
0.9744
0.9746
0.9746
0.9706
0.9744
0.9678
0.9698
0.9778
0.9774
0.9774
0.9778
0.9772
0.9772
0.9774
0.9774
0.9788
0.9788
0.979
0.9694
0.9666
0.968
0.9692
0.9774
0.9774
0.977
0.978
0.978
0.978
0.9778
0.9766
0.973
0.9752
0.975
0.975
0.974
0.9742
0.974
0.9736
0.9736
0.9762
0.9768
0.9762
0.9756
0.9756
0.9752
0.9758
0.9762
0.9746
0.9768
0.9762
0.9768
0.9768
0.9714
0.9712
0.974
0.9742
0.9752
0.9776
0.9784
0.978
0.9766
0.976
0.9704
0.97
0.9678
0.9752
0.9756
0.9754
0.9754
0.9758
0.9726
0.969
0.9698
0.9706
0.9764
0.977
0.9762
0.9766
0.9776
0.9782
0.974
0.974
0.9754
0.9752
0.9758
0.975
0.9754
0.9752
0.9742
0.9744
0.9754
0.9732
0.9734
0.9752
0.9762
0.9712
0.9588
0.974
0.9732
0.9762
0.976
0.975
0.976
0.9754
0.9776
0.979
0.9788
0.9788
0.9786
0.977
0.9748
0.975
0.9752
0.9762
0.9724
0.9736
0.9744
0.976
0.974
0.973
0.9732
0.9762
0.9762
0.9762
0.976
0.976
0.975
0.9744
0.9748
0.975
0.966
0.9748
0.9776
0.9778
0.976
0.9772
0.9772
0.978
0.9762
0.9762
0.9766
0.9772
0.9772
0.974
0.9744
0.9736
0.9742
0.9708
0.9732
0.973
0.9738
0.9746
0.9748
0.9742
0.9764
0.9784
0.9784
0.9774
0.9774
0.9774
0.9788
0.979
0.9772
0.977
0.9752
0.977
0.9754
0.9756
0.9754
0.9752
0.9762
0.976
0.976
0.9744
0.9744
0.975
0.975
0.9754
0.9754
0.9746
0.9752
0.9746
0.9742
0.9762
0.9772
0.9784
0.9784
0.9784
0.9784
0.9784
0.9782
0.9778
0.9782
0.9764
0.9764
0.9744
0.9764
0.973
0.9732
0.973
0.9692
0.976
0.9762
0.9752
0.9756
0.9768
0.97
0.9714
0.9726
0.973
0.9728
0.9654
0.9666
0.9674
0.9708
0.9748
0.9748
0.9752
0.9764
0.9764
0.9768
0.9762
0.9768
0.9772
0.9772
0.9774
0.9764
0.9766
0.9766
0.976
0.976
0.9764
0.975
0.9736
0.9772
0.9766
0.975
0.975
0.9762
0.9762
0.9766
0.9744
0.9746
0.9696
0.9752
0.9744
0.9766
0.9766
0.977
0.977
0.9774
0.974
0.974
0.9736
0.9742
0.9744
0.9752
0.975
0.9742
0.9746
0.9754
0.974
0.975
0.975
0.9776
0.9758
0.9754
0.9776
0.9688
0.9772
0.9772
0.9782
0.9782
0.9782
0.977
0.9774
0.9788
0.9784
0.9788
0.9766
0.9768
0.9772
0.9774
0.9764
0.978
0.9778
0.9786
0.9772
0.9774
0.9696
0.9718
0.9752
0.9752
0.9756
0.9758
0.9764
0.9758
0.9756
0.9734
0.975
0.9666
0.9718
0.968
0.9704
0.969
0.9572
0.9732
0.9736
0.9724
0.9724
0.9724
0.974
0.9744
0.9748
0.975
0.9748
0.976
0.9758
0.9762
0.976
0.9762
0.9764
0.9762
0.9766
0.9766
0.977
0.9774
0.9778
0.979
0.9782
0.972
0.9752
0.976
0.976
0.9774
0.9778
0.9778
0.9784
0.977
0.9784
0.9776
0.9752
0.9772
0.9768
0.9776
0.9776
0.9776
0.9778
0.9778
0.9778
0.9776
0.9782
0.9784
0.9782
0.9782
0.9784
0.9784
0.9782
0.9788
0.9764
0.978
0.978
0.978
0.9782
0.9784
0.9782
0.9784
0.9786
0.9786
0.9786
0.9784
0.9792
0.9776
0.9786
0.9776
0.9774
0.9776
0.977
0.9758
0.9688
0.9766
0.9768
0.977
0.9778
0.9766
0.9764
0.9766
0.9768
0.9784
0.978
0.9782
0.9782
0.978
0.972
0.9718
0.972
0.9724
0.976
0.975
0.9782
0.9774
0.9774
0.9776
0.978
0.9778
0.9774
0.977
0.9772
0.978
0.978
0.9778
0.9758
0.9754
0.9762
0.9716
0.971
0.9714
0.9714
0.972
0.9718
0.9722
0.9724
0.9714
0.9736
0.9778
0.9776
0.977
0.9766
0.9734
0.9634
0.9756
0.9738
0.9712
0.9712
0.9734
0.9734
0.975
0.9732
0.974
0.9742
0.9744
0.9736
0.9736
0.9734
0.9754
0.975
0.9752
0.9752
0.9764
0.9764
0.974
0.9738
0.9744
0.9744
0.975
0.9766
0.9764
0.9696
0.9762
0.9768
0.973
0.9748
0.9766
0.975
0.9754
0.9752
0.9722
0.9652
0.9654
0.9728
0.9766
0.976
0.9708
0.9728
0.9684
0.9694
0.9728
0.9742
0.9736
0.974
0.974
0.9742
0.9712
0.9722
0.9732
0.9762
0.9734
0.9754
0.9748
0.9742
0.9744
0.9748
0.9756
0.9756
0.9762
0.9758
0.9758
0.9758
0.9758
0.976
0.9762
0.9758
0.976
0.9748
0.9756
0.9754
0.9756
0.9714
0.9618
0.97
0.9732
0.9732
0.973
0.973
0.9754
0.9752
0.9754
0.9764
0.9766
0.9768
0.9778
0.9766
0.9784
0.9776
0.9776
0.9776
0.9776
0.9776
0.9706
0.9714
0.9716
0.972
0.9726
0.973
0.9724
0.9728
0.974
0.9736
0.9726
0.9726
0.9726
0.9724
0.9742
0.9724
0.9722
0.9726
0.9744
0.9746
0.9754
0.9586
0.9692
0.9632
0.9714
0.9748
0.975
0.975
0.975
0.9734
0.9764
0.9762
0.9774
0.9736
0.9756
0.9756
0.9722
0.9728
0.9734
0.977
0.9772
0.9772
0.9782
0.9782
0.9784
0.9784
0.9784
0.9788
0.9784
0.9768
0.9736
0.9768
0.9774
0.9776
0.9776
0.9746
0.9776
0.9768
0.9658
0.9646
0.9774
0.9774
0.9774
0.9774
0.9702
0.9754
0.9754
0.9758
0.9756
0.9756
0.9762
0.978
0.9778
0.9788
0.979
0.9786
0.9786
0.9732
0.9764
0.9772
0.9792
0.9732
0.9742
0.9772
0.9766
0.9764
0.969
0.9694
0.9696
0.9702
0.9702
0.978
0.9774
0.978
0.978
0.978
0.9778
0.9782
0.9786
0.9786
0.9778
0.9788
0.9784
0.9788
0.9784
0.9784
0.9794
0.9764
0.9758
0.9714
0.9716
0.958
0.9696
0.9698
0.9764
0.9798
0.9798
0.9796
0.9794
0.9782
0.9786
0.9788
0.9788
0.9788
0.9792
0.9792
0.9794
0.9792
0.9788
0.9784
0.9784
0.9788
0.9788
0.9792
0.9794
0.9782
0.9748
0.974
0.9748
0.9704
0.9706
0.9638
0.972
0.9648
0.9704
0.9702
0.9712
0.971
0.971
0.9712
0.9744
0.976
0.9758
0.975
0.9754
0.9768
0.9752
0.975
0.9742
0.9742
0.9742
0.978
0.978
0.9778
0.9762
0.9766
0.976
0.9768
0.9772
0.9774
0.9774
0.9766
0.977
0.977
0.977
0.976
0.9746
0.9746
0.9782
0.976
0.9742
0.9748
0.9746
0.9746
0.9754
0.9754
0.9758
0.9754
0.9756
0.9764
0.976
0.976
0.976
0.9748
0.975
0.9752
0.9752
0.9756
0.9756
0.9762
0.9758
0.9774
0.9774
0.9748
0.9762
0.976
0.9742
0.9668
0.9728
0.9774
0.9784
0.9782
0.9784
0.9782
0.9782
0.9764
0.9766
0.9744
0.9742
0.9746
0.9752
0.9756
0.9748
0.9748
0.975
0.9756
0.9766
0.978
0.9758
0.9794
0.9794
0.9788
0.9786
0.978
0.9742
0.9748
0.9748
0.976
0.9686
0.969
0.9742
0.973
0.9732
0.9732
0.9748
0.976
0.9762
0.9766
0.9748
0.9752
0.9752
0.9752
0.9774
0.976
0.976
0.9758
0.9732
0.9768
0.9762
0.9762
0.977
0.977
0.977
0.977
0.9774
0.9776
0.9776
0.977
0.97
0.9748
0.9746
0.9742
0.97
0.9624
0.9686
0.9706
0.9712
0.9762
0.9766
0.9766
0.9722
0.9768
0.9762
0.9738
0.9742
0.9746
0.9756
0.9756
0.9758
0.9756
0.9762
0.9774
0.9776
0.976
0.9776
0.9776
0.9764
0.9764
0.9766
0.9746
0.975
0.9764
0.9764
0.9774
0.9774
0.9776
0.9782
0.976
0.9736
0.9744
0.9744
0.9778
0.9776
0.9678
0.979
0.9788
0.9786
0.9784
0.9786
0.9784
0.9782
0.9802
0.9798
0.9794
0.9792
0.976
0.9768
0.9772
0.9774
0.9762
0.977
0.9784
0.9766
0.9782
0.9792
0.976
0.9762
0.9766
0.9772
0.9772
0.978
0.9782
0.9782
0.9786
0.9786
0.9784
0.9758
0.9756
0.9762
0.9698
0.9772
0.9778
0.9784
0.9788
0.9796
0.9798
0.9798
0.9792
0.9782
0.9782
0.9756
0.9734
0.9736
0.9642
0.9642
0.9674
0.969
0.9746
0.974
0.9754
0.9756
0.9758
0.9758
0.9756
0.9756
0.9748
0.9748
0.9748
0.9788
0.9782
0.9764
0.9768
0.976
0.9772
0.9768
0.9782
0.9782
0.977
0.9772
0.9778
0.975
0.978
0.9798
0.971
0.9642
0.9674
0.9694
0.9694
0.9756
0.9752
0.974
0.9754
0.9758
0.976
0.9756
0.9756
0.9758
0.9762
0.9762
0.9754
0.9752
0.9768
0.9778
0.9774
0.978
0.9774
0.9756
0.9764
0.9764
0.977
0.9776
0.9782
0.9786
0.9792
0.979
0.9754
0.9754
0.9722
0.9744
0.9746
0.9746
0.9762
0.9744
0.9738
0.9756
0.9784
0.9782
0.9782
0.9778
0.9774
0.973
0.9748
0.976
0.976
0.9764
0.9764
0.977
0.9766
0.9764
0.9758
0.9758
0.9766
0.9772
0.977
0.977
0.9776
0.9774
0.9772
0.9772
0.9772
0.9772
0.9744
0.9748
0.975
0.9764
0.9766
0.9764
0.9772
0.977
0.977
0.9748
0.9748
0.9748
0.9772
0.977
0.977
0.9758
0.9774
0.9764
0.9766
0.9754
0.9758
0.9758
0.9758
0.9758
0.9756
0.9754
0.978
0.9778
0.9768
0.977
0.9774
0.9774
0.9772
0.977
0.9774
0.9776
0.978
0.978
0.9784
0.9778
0.9786
0.9746
0.975
0.9744
0.9746
0.9744
0.9728
0.9734
0.9734
0.9736
0.975
0.9752
0.9756
0.976
0.972
0.9718
0.9634
0.9636
0.9652
0.9714
0.972
0.9732
0.973
0.9732
0.977
0.977
0.9774
0.9776
0.9782
0.9782
0.9784
0.9786
0.979
0.9786
0.9788
0.9788
0.9792
0.9782
0.9708
0.9712
0.9714
0.9726
0.9742
0.9788
0.9788
0.9778
0.9784
0.9786
0.9784
0.978
0.979
0.9792
0.9792
0.979
0.979
0.9788
0.977
0.9764
0.9746
0.9756
0.9794
0.9792
0.9794
0.979
0.979
0.9776
0.9772
0.9772
0.974
0.9738
0.9746
0.9742
0.978
0.978
0.9784
0.9784
0.9788
0.9788
0.978
0.9786
0.9788
0.979
0.9786
0.9776
0.9746
0.9782
0.9784
0.9786
0.9776
0.9786
0.9774
0.9722
0.9728
0.9722
0.97
0.9696
0.972
0.9718
0.9704
0.9716
0.972
0.9746
0.9746
0.9746
0.9758
0.969
0.9708
0.9666
0.9722
0.9768
0.9758
0.9694
0.9694
0.97
0.9752
0.977
0.9772
0.9774
0.9768
0.9772
0.9774
0.979
0.9792
0.979
0.979
0.9786
0.9776
0.9774
0.9778
0.9792
0.9774
0.9764
0.9754
0.9754
0.9434
0.959
0.9666
0.973
0.9736
0.9738
0.9738
0.9738
0.9742
0.9742
0.9744
0.9756
0.9764
0.9764
0.9764
0.9764
0.9766
0.9776
0.9776
0.977
0.9778
0.9712
0.9738
0.9748
0.975
0.9756
0.9772
0.9776
0.9774
0.9772
0.9716
0.9758
0.976
0.977
0.9768
0.9764
0.9776
0.978
0.978
0.978
0.9764
0.9772
0.9784
0.9774
0.9782
0.9782
0.9782
0.9784
0.9742
0.9754
0.9744
0.9754
0.9764
0.9782
0.976
0.9762
0.9722
0.9738
0.9748
0.974
0.9734
0.972
0.9758
0.975
0.975
0.9774
0.9774
0.9766
0.9746
0.9746
0.9756
0.9752
0.975
0.9774
0.9778
0.9776
0.9774
0.9776
0.9778
0.9776
0.977
0.9752
0.9784
0.9786
0.9784
0.9784
0.9784
0.9784
0.9732
0.9782
0.977
0.9774
0.9782
0.9782
0.9788
0.9784
0.9664
0.9738
0.9716
0.9734
0.9736
0.976
0.978
0.978
0.9776
0.9782
0.9784
0.9746
0.9746
0.9796
0.9786
0.9788
0.9786
0.978
0.9782
0.972
0.9678
0.9672
0.9754
0.9728
0.9728
0.975
0.978
0.9774
0.9754
0.9746
0.975
0.9744
0.9728
0.9726
0.974
0.975
0.9672
0.9706
0.9698
0.9706
0.971
0.9728
0.973
0.9706
0.9726
0.9732
0.9734
0.9732
0.9736
0.9748
0.975
0.976
0.9764
0.9758
0.9752
0.9774
0.9772
0.969
0.9718
0.9752
0.977
0.977
0.9768
0.9768
0.9762
0.9766
0.9766
0.9748
0.9748
0.977
0.9768
0.9766
0.9792
0.9784
0.9784
0.9792
0.9788
0.9786
0.9712
0.97
0.9776
0.9778
0.9742
0.9742
0.959
0.9608
0.963
0.9658
0.9774
0.9804
0.9808
0.9808
0.9808
0.9812
0.9814
0.9784
0.9772
0.979
0.9762
0.9764
0.9794
0.9794
0.9562
0.9742
0.9742
0.9748
0.975
0.9768
0.9744
0.9754
0.9738
0.9736
0.9746
0.9784
0.977
0.9756
0.978
0.9782
0.9796
0.9796
0.9796
0.9796
0.9796
0.9796
0.9794
0.9788
0.9784
0.9782
0.9746
0.9746
0.9746
0.9744
0.9762
0.9762
0.976
0.9774
0.978
0.9786
0.9784
0.9786
0.976
0.9758
0.9758
0.9764
0.9756
0.976
0.9772
0.9772
0.9776
0.976
0.9772
0.9774
0.9776
0.9742
0.9746
0.9774
0.9766
0.9644
0.9746
0.974
0.9762
0.9764
0.9714
0.9736
0.9742
0.9742
0.9734
0.9736
0.978
