0.1284
0.1426
0.1424
0.1614
0.1782
0.1852
0.2146
0.228
0.2436
0.2556
0.2626
0.2678
0.2948
0.3156
0.327
0.3314
0.3278
0.3252
0.346
0.3638
0.361
0.3944
0.4052
0.4144
0.4238
0.4282
0.4404
0.4468
0.4448
0.4622
0.4668
0.4918
0.4918
0.498
0.5086
0.518
0.5224
0.5266
0.5268
0.5432
0.5534
0.548
0.5544
0.5556
0.5586
0.566
0.5782
0.5844
0.5824
0.5822
0.5866
0.5778
0.5794
0.5862
0.5954
0.5962
0.595
0.5968
0.6006
0.602
0.6164
0.6194
0.6262
0.6364
0.6326
0.6344
0.6306
0.6402
0.646
0.6538
0.6504
0.6582
0.6668
0.6706
0.67
0.677
0.6688
0.667
0.6648
0.6694
0.6674
0.679
0.6826
0.6692
0.6856
0.688
0.6866
0.6918
0.6942
0.6954
0.6982
0.6964
0.699
0.6982
0.6936
0.6934
0.699
0.7
0.7
0.7048
0.7074
0.7082
0.7064
0.707
0.7042
0.7108
0.7142
0.7184
0.7148
0.7186
0.7248
0.7228
0.7262
0.728
0.7338
0.7382
0.7378
0.7418
0.7466
0.7456
0.7418
0.7396
0.7348
0.739
0.7484
0.7458
0.7468
0.7456
0.7454
0.7478
0.7482
0.762
0.7628
0.7634
0.7612
0.7654
0.7632
0.763
0.7612
0.7594
0.7554
0.766
0.7732
0.772
0.7718
0.771
0.775
0.7758
0.7746
0.7726
0.7738
0.778
0.7784
0.7748
0.7796
0.7784
0.783
0.784
0.7854
0.7858
0.7856
0.781
0.7822
0.7806
0.7826
0.7828
0.7808
0.7878
0.782
0.7808
0.7788
0.7768
0.7752
0.7812
0.7764
0.7804
0.7792
0.782
0.785
0.7872
0.786
0.788
0.7898
0.788
0.7866
0.787
0.7932
0.7968
0.8014
0.8012
0.8026
0.8064
0.803
0.8038
0.804
0.8044
0.8068
0.8088
0.8068
0.8054
0.8064
0.8038
0.8078
0.81
0.8098
0.8092
0.8112
0.8104
0.809
0.8054
0.8062
0.8116
0.8088
0.8064
0.8026
0.8042
0.811
0.814
0.8126
0.8142
0.8148
0.8138
0.8128
0.814
0.803
0.8084
0.8152
0.8134
0.8116
0.8166
0.8158
0.8124
0.8094
0.8112
0.8156
0.8158
0.8174
0.8144
0.8206
0.8138
0.8166
0.8214
0.826
0.827
0.8274
0.8242
0.821
0.825
0.8262
0.8256
0.8226
0.823
0.828
0.824
0.8242
0.8232
0.825
0.8268
0.828
0.8274
0.8262
0.8244
0.8284
0.8284
0.829
0.8302
0.8292
0.8294
0.8306
0.8328
0.831
0.8328
0.835
0.8372
0.8364
0.837
0.833
0.8348
0.834
0.8362
0.8366
0.835
0.838
0.8392
0.8382
0.8418
0.8368
0.8374
0.839
0.8374
0.8398
0.841
0.8412
0.8424
0.8416
0.8402
0.8418
0.844
0.8436
0.8428
0.8382
0.8362
0.8352
0.8352
0.8388
0.8424
0.8422
0.8462
0.8468
0.8438
0.845
0.845
0.8454
0.8422
0.8452
0.8464
0.8474
0.846
0.8482
0.8446
0.844
0.8462
0.8462
0.8464
0.8442
0.85
0.8472
0.8468
0.8444
0.8486
0.8486
0.8444
0.8416
0.8392
0.8454
0.8442
0.8474
0.8454
0.8482
0.8504
0.8504
0.847
0.8524
0.8536
0.8542
0.8538
0.856
0.8546
0.8526
0.856
0.8548
0.8502
0.8504
0.848
0.8484
0.8532
0.8538
0.852
0.8504
0.852
0.8526
0.8496
0.85
0.8522
0.8572
0.8572
0.8538
0.8578
0.8586
0.8568
0.8556
0.857
0.8552
0.8572
0.8582
0.8566
0.8564
0.8536
0.853
0.8536
0.8508
0.8514
0.851
0.8536
0.8564
0.8578
0.859
0.8552
0.8582
0.8602
0.859
0.8564
0.8594
0.8586
0.8558
0.858
0.8596
0.8596
0.8612
0.86
0.8596
0.859
0.8608
0.8616
0.8606
0.862
0.861
0.8606
0.8622
0.865
0.8638
0.8614
0.8606
0.8612
0.86
0.86
0.8602
0.8586
0.859
0.8594
0.8612
0.8638
0.8646
0.8612
0.8606
0.8606
0.864
0.863
0.8644
0.864
0.8636
0.8642
0.8644
0.8634
0.8642
0.865
0.8628
0.8646
0.8656
0.8674
0.8666
0.8672
0.8672
0.8666
0.8656
0.8656
0.8636
0.8642
0.867
0.8676
0.8658
0.868
0.8682
0.8678
0.8648
0.865
0.8668
0.8688
0.8668
0.8664
0.8658
0.8638
0.866
0.8664
0.8646
0.864
0.8668
0.8664
0.8666
0.867
0.8684
0.8696
0.8666
0.8672
0.8682
0.868
0.8666
0.865
0.8648
0.8682
0.8716
0.872
0.8728
0.8732
0.8726
0.873
0.8738
0.8724
0.8714
0.8704
0.8714
0.8702
0.8712
0.8698
0.871
0.8722
0.871
0.8718
0.8702
0.872
0.8686
0.8694
0.87
0.8734
0.8732
0.872
0.8746
0.875
0.877
0.875
0.875
0.8744
0.8742
0.8758
0.8762
0.875
0.874
0.8746
0.8726
0.8744
0.8752
0.874
0.8762
0.8732
0.876
0.8752
0.8736
0.871
0.8716
0.8714
0.8732
0.872
0.8718
0.8736
0.8738
0.8734
0.8718
0.8728
0.8764
0.8784
0.8758
0.8746
0.8748
0.877
0.8748
0.8744
0.874
0.8724
0.8754
0.8772
0.878
0.878
0.8782
0.8794
0.8812
0.8794
0.8786
0.8796
0.8774
0.8774
0.8772
0.8768
0.8778
0.8786
0.8782
0.8796
0.8788
0.88
0.8792
0.8792
0.8798
0.8778
0.879
0.8778
0.8786
0.8788
0.8796
0.8796
0.8802
0.882
0.8816
0.8828
0.8832
0.8816
0.88
0.882
0.8796
0.8798
0.881
0.882
0.88
0.8814
0.8832
0.8826
0.882
0.8816
0.8818
0.8834
0.8832
0.8822
0.8818
0.8812
0.8806
0.8826
0.884
0.8816
0.8818
0.882
0.8796
0.8802
0.8802
0.8788
0.8782
0.8792
0.8788
0.8786
0.8784
0.8792
0.8822
0.8826
0.8818
0.8818
0.8812
0.8832
0.8836
0.8812
0.8834
0.8826
0.8842
0.8836
0.8824
0.8822
0.8834
0.881
0.8842
0.884
0.8806
0.8796
0.8826
0.8828
0.8828
0.882
0.883
0.8828
0.8842
0.8834
0.8838
0.8828
0.885
0.8856
0.8858
0.8842
0.8846
0.8842
0.8842
0.8848
0.884
0.8856
0.8852
0.885
0.8846
0.8854
0.8846
0.8844
0.8846
0.8856
0.8856
0.8856
0.8858
0.8864
0.885
0.8842
0.8836
0.8846
0.8834
0.8844
0.8842
0.8846
0.884
0.8832
0.883
0.8842
0.8832
0.8838
0.884
0.8824
0.8832
0.8844
0.8846
0.8846
0.8842
0.8854
0.8838
0.8842
0.8842
0.8834
0.8824
0.8828
0.8826
0.8838
0.8832
0.8838
0.884
0.8826
0.8836
0.883
0.8836
0.8832
0.883
0.882
0.8822
0.8832
0.8834
0.8858
0.8822
0.8848
0.8828
0.883
0.8844
0.884
0.8848
0.8846
0.88
0.8818
0.8858
0.886
0.8842
0.8834
0.886
0.8856
0.8856
0.8874
0.887
0.8888
0.8882
0.8872
0.8858
0.883
0.887
0.8848
0.8854
0.887
0.887
0.8876
0.8878
0.8836
0.8848
0.8866
0.8856
0.8852
0.8866
0.8868
0.8878
0.8878
0.8878
0.888
0.8884
0.8896
0.8898
0.8908
0.8906
0.891
0.8884
0.888
0.8864
0.8882
0.889
0.8864
0.8876
0.8884
0.888
0.8866
0.8882
0.89
0.8878
0.8876
0.887
0.888
0.889
0.8896
0.8906
0.8898
0.8896
0.8896
0.8904
0.8884
0.8908
0.8898
0.8894
0.8886
0.8894
0.89
0.8896
0.8902
0.8918
0.8912
0.8928
0.8924
0.8912
0.891
0.8918
0.8922
0.893
0.8908
0.8902
0.8902
0.8892
0.8894
0.8906
0.8904
0.889
0.892
0.8896
0.8916
0.8894
0.8916
0.8916
0.8914
0.8916
0.8912
0.8916
0.8882
0.8912
0.89
0.8896
0.8886
0.8876
0.889
0.8894
0.8884
0.8888
0.8904
0.892
0.89
0.89
0.8954
0.8924
0.892
0.8884
0.8896
0.8874
0.889
0.8898
0.889
0.8874
0.8884
0.8876
0.8874
0.8866
0.8874
0.8884
0.8902
0.8906
0.8914
0.891
0.8906
0.89
0.8902
0.8904
0.8902
0.8912
0.8916
0.8914
0.892
0.8904
0.89
0.8912
0.8904
0.89
0.8916
0.8934
0.8914
0.889
0.8908
0.8922
0.8934
0.8924
0.8912
0.8914
0.8906
0.8922
0.8914
0.8922
0.891
0.8918
0.8926
0.8916
0.8934
0.8914
0.8934
0.8934
0.8944
0.8936
0.893
0.8932
0.8934
0.8946
0.895
0.8954
0.8948
0.8918
0.8898
0.8902
0.8912
0.89
0.8908
0.8904
0.8928
0.8928
0.8934
0.8932
0.892
0.8942
0.8946
0.895
0.8952
0.8936
0.896
0.8936
0.8942
0.894
0.8948
0.896
0.8952
0.8952
0.8954
0.8942
0.8944
0.8944
0.895
0.8946
0.8944
0.8948
0.8956
0.8952
0.8946
0.896
0.8956
0.8952
0.8964
0.8958
0.8938
0.8936
0.8952
0.894
0.8942
0.8944
0.8956
0.8948
0.894
0.8948
0.895
0.8968
0.8954
0.8956
0.8954
0.8934
0.8914
0.8928
0.8932
0.8938
0.8914
0.8922
0.8926
0.8932
0.8922
0.8922
0.8922
0.8924
0.8916
0.8926
0.8922
0.8946
0.8936
0.8946
0.8944
0.895
0.8954
0.8952
0.8956
0.896
0.8958
0.8944
0.8964
0.8966
0.8954
0.8954
0.896
0.8962
0.8958
0.8964
0.8948
0.8944
0.893
0.8942
0.8958
0.896
0.8964
0.8962
0.8946
0.892
0.895
0.8942
0.8946
0.895
0.8952
0.8944
0.895
0.8952
0.8944
0.895
0.8944
0.8938
0.8932
0.8932
0.893
0.893
0.8934
0.8936
0.8968
0.8968
0.8956
0.896
0.8958
0.8946
0.8934
0.8956
0.8968
0.8958
0.8948
0.8928
0.8952
0.8932
0.8936
0.8944
0.8936
0.8942
0.8938
0.8952
0.8952
0.8942
0.895
0.8956
0.8946
0.8952
0.8972
0.8986
0.8986
0.8988
0.8986
0.8996
0.896
0.8976
0.898
0.8966
0.895
0.8984
0.8992
0.9006
0.9012
0.8994
0.8994
0.8992
0.8992
0.8994
0.899
0.8994
0.8986
0.8992
0.8998
0.8978
0.8992
0.8978
0.8972
0.8968
0.898
0.899
0.8998
0.9
0.8992
0.9008
0.9012
0.9004
0.901
0.8998
0.9
0.9
0.9004
0.9012
0.9014
0.901
0.9002
0.8992
0.8998
0.8992
0.9006
0.901
0.9
0.9
0.8988
0.8994
0.8992
0.8996
0.8986
0.899
0.9002
0.8986
0.9
0.8994
0.8996
0.899
0.9006
0.8998
0.899
0.8988
0.8994
0.8986
0.8982
0.8984
0.8966
0.8974
0.898
0.8994
0.9014
0.9022
0.9
0.9002
0.9004
0.9008
0.8996
0.9012
0.9006
0.9004
0.8996
0.9006
0.9026
0.9024
0.901
0.9016
0.9038
0.903
0.9024
0.9006
0.902
0.9012
0.9012
0.9018
0.9006
0.9006
0.9004
0.902
0.901
0.9024
0.9018
0.8982
0.8994
0.9006
0.9008
0.9004
0.8992
0.8994
0.9006
0.9014
0.9016
0.9008
0.9012
0.9024
0.9018
0.9014
0.9014
0.9014
0.9006
0.9016
0.9002
0.9004
0.9014
0.9014
0.9014
0.9014
0.9024
0.903
0.9032
0.902
0.9016
0.903
0.9036
0.903
0.9034
0.902
0.9026
0.9014
0.9022
0.901
0.9026
0.9028
0.9016
0.9018
0.901
0.9008
0.8994
0.8984
0.897
0.8994
0.8988
0.899
0.8988
0.8998
0.8972
0.899
0.9
0.9006
0.9024
0.9008
0.9014
0.9
0.9006
0.9008
0.9022
0.9044
0.9034
0.9026
0.9018
0.901
0.903
0.9016
0.9018
0.9006
0.8998
0.9012
0.9006
0.9022
0.9024
0.9012
0.9028
0.9026
0.901
0.901
0.902
0.9002
0.901
0.8998
0.9014
0.9016
0.9038
0.9016
0.9016
0.9
0.9002
0.9008
0.901
0.9014
0.9008
0.901
0.9028
0.9014
0.901
0.9008
0.9006
0.9012
0.902
0.9014
0.905
0.9028
0.9028
0.901
0.9014
0.9042
0.9054
0.9054
0.9058
0.9042
0.9014
0.9026
0.9014
0.9006
0.9008
0.9002
0.9014
0.9016
0.9022
0.9026
0.9026
0.9032
0.9028
0.903
0.9014
0.9018
0.9032
0.9028
0.9038
0.9036
0.9038
0.904
0.9048
0.9036
0.904
0.904
0.9042
0.9036
0.9046
0.9046
0.906
0.9046
0.9036
0.9042
0.9048
0.9042
0.903
0.9026
0.9036
0.9024
0.9032
0.9028
0.9016
0.9018
0.9026
0.9032
0.9024
0.9024
0.9038
0.9028
0.9038
0.9034
0.9034
0.903
0.905
0.9036
0.9048
0.9048
0.9074
0.906
0.9062
0.9048
0.9054
0.9054
0.904
0.9042
0.9052
0.9044
0.9036
0.9036
0.904
0.9034
0.9028
0.9036
0.9052
0.9046
0.9056
0.9062
0.9056
0.905
0.9058
0.906
0.9046
0.9056
0.9052
0.905
0.9048
0.9038
0.9036
0.9044
0.9044
0.9036
0.9052
0.9036
0.9034
0.9036
0.9034
0.9038
0.905
0.9056
0.9052
0.906
0.9076
0.9072
0.908
0.9074
0.907
0.9072
0.9078
0.9058
0.9062
0.9066
0.9066
0.9036
0.9064
0.9082
0.9066
0.907
0.9066
0.9066
0.9072
0.9074
0.9082
0.9056
0.9052
0.9064
0.9062
0.906
0.9064
0.9074
0.9072
0.9074
0.9086
0.908
0.9076
0.906
0.9046
0.9066
0.906
0.9068
0.9058
0.905
0.904
0.9042
0.904
0.9036
0.9034
0.9008
0.9034
0.9026
0.9042
0.9054
0.9056
0.9056
0.9038
0.9064
0.9018
0.9036
0.9048
0.905
0.9058
0.9034
0.904
0.9032
0.9028
0.9034
0.904
0.9038
0.904
0.9066
0.9066
0.9068
0.9078
0.9072
0.9084
0.909
0.9082
0.9064
0.907
0.9078
0.9088
0.906
0.9062
0.9074
0.9082
0.9084
0.9084
0.9082
0.9078
0.9076
0.908
0.91
0.9094
0.9096
0.9084
0.907
0.9076
0.908
0.9086
0.9084
0.9078
0.9078
0.9078
0.908
0.906
0.9076
0.9078
0.9066
0.9068
0.907
0.908
0.9072
0.9064
0.9086
0.907
0.908
0.909
0.908
0.9092
0.909
0.9088
0.9074
0.908
0.9092
0.9076
0.9092
0.9092
0.9084
0.9082
0.9088
0.9094
0.9086
0.908
0.9072
0.908
0.9068
0.907
0.9078
0.9068
0.9074
0.9076
0.9082
0.9092
0.907
0.908
0.9082
0.9078
0.909
0.91
0.9096
0.9096
0.9102
0.9094
0.9096
0.9094
0.908
0.9082
0.9096
0.9098
0.9096
0.9114
0.9112
0.9102
0.91
0.9108
0.9098
0.9116
0.911
0.9098
0.9082
0.9114
0.9086
0.9082
0.9076
0.9072
0.9092
0.91
0.9104
0.9088
0.9096
0.9094
0.9088
0.9098
0.9092
0.9098
0.9092
0.908
0.9084
0.908
0.9078
0.9086
0.908
0.909
0.9094
0.9102
0.909
0.9096
0.9094
0.91
0.9096
0.909
0.9098
0.9088
0.9086
0.9096
0.9106
0.9098
0.9092
0.9082
0.9094
0.911
0.9106
0.9106
0.9104
0.9106
0.91
0.9098
0.9102
0.9104
0.9096
0.9096
0.9102
0.9102
0.9096
0.9106
0.9104
0.911
0.9096
0.9098
0.9106
0.9098
0.9072
0.9074
0.9078
0.9076
0.909
0.9084
0.9094
0.909
0.9094
0.9104
0.9098
0.9092
0.9104
0.9106
0.9088
0.9112
0.9104
0.9102
0.911
0.9114
0.9108
0.911
0.9102
0.9098
0.91
0.9104
0.9096
0.9098
0.9094
0.9104
0.9104
0.911
0.9104
0.9112
0.9122
0.9116
0.9122
0.9112
0.9116
0.9112
0.9104
0.911
0.9116
0.911
0.9114
0.911
0.9108
0.9122
0.9116
0.9124
0.911
0.9112
0.9122
0.9124
0.9122
0.9124
0.9122
0.9128
0.9122
0.911
0.912
0.9126
0.9118
0.9096
0.9102
0.9128
0.912
0.9116
0.9134
0.912
0.9122
0.913
0.9106
0.91
0.9082
0.909
0.9102
0.9108
0.9112
0.9106
0.9126
0.9124
0.9122
0.9128
0.9124
0.9142
0.9142
0.914
0.9154
0.9146
0.9148
0.914
0.9136
0.9132
0.9134
0.9124
0.9124
0.9124
0.9142
0.9112
0.912
0.9112
0.9118
0.9114
0.9112
0.9116
0.9122
0.9112
0.91
0.9106
0.911
0.9112
0.9112
0.9108
0.9102
0.9132
0.912
0.912
0.9134
0.9132
0.9148
0.9146
0.9138
0.9146
0.9146
0.9128
0.9122
0.9132
0.913
0.9132
0.9138
0.9134
0.9126
0.913
0.913
0.913
0.9124
0.9128
0.9158
0.914
0.9134
0.9112
0.9124
0.9136
0.9148
0.915
0.9144
0.9148
0.9142
0.9142
0.9148
0.9146
0.9146
0.914
0.9146
0.9138
0.9152
0.9154
0.915
0.9154
0.9154
0.9148
0.9138
0.9146
0.9166
0.9156
0.9136
0.9142
0.9144
0.9136
0.9162
0.9162
0.916
0.9154
0.9154
0.9146
0.914
0.9138
0.9136
0.9138
0.9146
0.9144
0.9136
0.915
0.9148
0.9142
0.915
0.9164
0.9162
0.9152
0.9124
0.9146
0.9156
0.9158
0.9164
0.9164
0.9148
0.9154
0.9148
0.9152
0.9152
0.9144
0.9152
0.916
0.9162
0.9148
0.9156
0.914
0.914
0.9144
0.9154
0.9144
0.9164
0.9154
0.915
0.9168
0.9168
0.9158
0.916
0.9158
0.9176
0.9158
0.9156
0.9156
0.9154
0.9156
0.915
0.9152
0.9152
0.917
0.9158
0.9154
0.9166
0.9162
0.9166
0.9168
0.9162
0.9148
0.9138
0.9138
0.9142
0.9142
0.9134
0.9128
0.9126
0.9134
0.9136
0.9144
0.9142
0.913
0.914
0.9148
0.9152
0.914
0.9144
0.9154
0.9154
0.9158
0.9152
0.9148
0.917
0.9156
0.9162
0.9164
0.9156
0.9146
0.915
0.9146
0.9144
0.9148
0.9142
0.9152
0.9148
0.9144
0.9148
0.9146
0.9144
0.9144
0.9144
0.9138
0.913
0.912
0.9122
0.9122
0.913
0.9122
0.9126
0.9126
0.914
0.9144
0.915
0.9148
0.9144
0.9146
0.9148
0.9148
0.9154
0.915
0.9154
0.9164
0.916
0.916
0.9152
0.9148
0.915
0.915
0.9152
0.9136
0.9134
0.9132
0.9144
0.9134
0.9134
0.9156
0.9154
0.9148
0.9138
0.9128
0.9132
0.9126
0.9132
0.9126
0.913
0.9114
0.9118
0.9128
0.9132
0.9144
0.9138
0.9132
0.913
0.9132
0.913
0.9124
0.9122
0.9144
0.9144
0.912
0.913
0.913
0.9122
0.9134
0.9138
0.9136
0.9134
0.9132
0.912
0.912
0.9138
0.914
0.9142
0.9152
0.9148
0.9152
0.9144
0.914
0.9146
0.9154
0.9152
0.9154
0.917
0.915
0.9148
0.915
0.9148
0.9142
0.9146
0.9154
0.917
0.9162
0.9168
0.9164
0.9158
0.9166
0.9178
0.917
0.9156
0.9168
0.9156
0.915
0.9154
0.9162
0.9168
0.9172
0.917
0.9164
0.9168
0.918
0.9176
0.9176
0.9176
0.9162
0.9176
0.9166
0.9168
0.9158
0.9164
0.9164
0.9168
0.9168
0.9172
0.917
0.9172
0.917
0.9162
0.9166
0.9158
0.9166
0.9164
0.9158
0.9168
0.915
0.9158
0.9164
0.9148
0.9166
0.917
0.9164
0.9176
0.9166
0.9158
0.9154
0.9158
0.9168
0.9158
0.9156
0.9146
0.9148
0.9146
0.9164
0.917
0.9176
0.9162
0.9168
0.9162
0.9164
0.917
0.9164
0.9164
0.9174
0.9166
0.9162
0.9168
0.915
0.916
0.9164
0.916
0.917
0.9154
0.915
0.9166
0.9166
0.9164
0.9156
0.9164
0.9158
0.9164
0.9164
0.916
0.9166
0.9168
0.9164
0.9164
0.9156
0.916
0.9156
0.916
0.916
0.9162
0.9156
0.9158
0.918
0.9176
0.9168
0.9158
0.9166
0.916
0.9154
0.9144
0.9158
0.9158
0.914
0.9152
0.916
0.9164
0.916
0.9174
0.9182
0.9166
0.9178
0.9156
0.9158
0.9164
0.9154
0.9148
0.917
0.916
0.9174
0.9158
0.916
0.914
0.915
0.9166
0.9154
0.9168
0.9168
0.9158
0.916
0.9156
0.9148
0.9146
0.916
0.9156
0.916
0.9146
0.915
0.9144
0.916
0.916
0.9166
0.9164
0.915
0.9162
0.9172
0.917
0.915
0.9156
0.9154
0.9146
0.9148
0.9154
0.9158
0.9148
0.917
0.9162
0.9174
0.9156
0.9156
0.916
0.9172
0.9164
0.9164
0.9138
0.9144
0.9152
0.915
0.9168
0.9168
0.915
0.9156
0.9164
0.9168
0.9162
0.9172
0.917
0.9144
0.9146
0.9154
0.9146
0.916
0.9144
0.9156
0.9156
0.9172
0.9158
0.9176
0.9158
0.9162
0.9176
0.9186
0.919
0.9192
0.919
0.9182
0.9208
0.919
0.9184
0.9198
0.9198
0.919
0.9186
0.9194
0.9204
0.9196
0.9184
0.9186
0.92
0.9182
0.9184
0.918
0.919
0.919
0.9188
0.9178
0.9188
0.9184
0.9176
0.9178
0.9188
0.9182
0.919
0.919
0.9182
0.9182
0.918
0.916
0.918
0.9164
0.9172
0.919
0.9186
0.9186
0.921
0.9218
0.9206
0.9202
0.9202
0.9192
0.9202
0.9208
0.9208
0.9214
0.9196
0.9208
0.92
0.9202
0.9186
0.918
0.9168
0.9182
0.9186
0.9194
0.919
0.9194
0.9184
0.9188
0.9192
0.9188
0.9188
0.919
0.9196
0.9188
0.919
0.92
0.9196
0.9198
0.9174
0.9178
0.9186
0.9182
0.9196
0.9188
0.917
0.9178
0.9176
0.9182
0.9194
0.9194
0.9186
0.9184
0.9188
0.9188
0.9186
0.9192
0.9194
0.9188
0.9194
0.9188
0.9194
0.9188
0.9196
0.9194
0.9188
0.9172
0.9198
0.9198
0.9198
0.9192
0.9194
0.9194
0.9194
0.9188
0.9202
0.9198
0.9188
0.9188
0.9184
0.9178
0.9172
0.917
0.9174
0.9162
0.9164
0.9182
0.919
0.9192
0.9188
0.919
0.9176
0.918
0.9182
0.9176
0.9184
0.9188
0.919
0.9188
0.9194
0.9188
0.9198
0.92
0.92
0.919
0.92
0.9212
0.92
0.9184
0.9196
0.9196
0.92
0.92
0.9198
0.9202
0.9206
0.921
0.9208
0.9196
0.9204
0.9184
0.9196
0.9204
0.9208
0.9208
0.9204
0.9194
0.9196
0.9202
0.9206
0.919
0.9204
0.9204
0.921
0.9214
0.9206
0.9216
0.9208
0.9206
0.919
0.9196
0.92
0.9194
0.9198
0.92
0.9182
0.9184
0.9196
0.9198
0.9202
0.9186
0.9182
0.9198
0.9186
0.9178
0.9198
0.9194
0.9202
0.921
0.9212
0.9208
0.92
0.9204
0.921
0.921
0.9206
0.9204
0.9204
0.9196
0.92
0.9206
0.9208
0.9198
0.9206
0.9206
0.9198
0.9208
0.9208
0.9206
0.9214
0.9198
0.9204
0.9208
0.9204
0.9194
0.9196
0.9196
0.92
0.9206
0.9196
0.9206
0.9208
0.9212
0.9212
0.9206
0.9198
0.919
0.9202
0.9204
0.9184
0.9182
0.9176
0.9196
0.9192
0.9192
0.9188
0.9198
0.918
0.9182
0.917
0.9166
0.9162
0.9188
0.919
0.9192
0.9184
0.9186
0.9182
0.9186
0.92
0.919
0.919
0.9172
0.9178
0.9178
0.9186
0.917
0.9182
0.9186
0.9178
0.9176
0.9176
0.9178
0.918
0.9186
0.9186
0.919
0.9192
0.9184
0.919
0.9192
0.9182
0.9196
0.9194
0.9202
0.9204
0.9202
0.921
0.9208
0.9202
0.9216
0.9212
0.9208
0.9194
0.9202
0.9202
0.9202
0.9198
0.9222
0.9218
0.9218
0.9212
0.9214
0.9206
0.9214
0.9212
0.9202
0.9202
0.9198
0.9198
0.9202
0.9202
0.9206
0.9212
0.9208
0.9224
0.9206
0.9204
0.919
0.919
0.9186
0.9196
0.9198
0.92
0.919
0.9184
0.9184
0.918
0.9184
0.918
0.9194
0.9214
0.9206
0.9198
0.9194
0.9204
0.9212
0.9208
0.9212
0.9216
0.9208
0.9208
0.9212
0.9216
0.9208
0.9196
0.9208
0.9204
0.92
0.9192
0.92
0.9206
0.9204
0.921
0.9206
0.9206
0.919
0.9194
0.9182
0.9188
0.9192
0.918
0.919
0.92
0.9198
0.9206
0.9204
0.9214
0.9206
0.9202
0.9196
0.92
0.9202
0.9204
0.9204
0.921
0.9206
0.919
0.9194
0.9194
0.9214
0.9214
0.9214
0.9194
0.92
0.9208
0.9192
0.919
0.9196
0.9184
0.9182
0.9186
0.9196
0.9192
0.9192
0.92
0.9204
0.9182
0.9188
0.9188
0.9202
0.9198
0.921
0.9226
0.9226
0.9224
0.9216
0.9228
0.9208
0.9216
0.9206
0.9214
0.9208
0.922
0.922
0.921
0.9212
0.9216
0.9218
0.9212
0.9222
0.9212
0.9208
0.9212
0.9208
0.9208
0.9216
0.921
0.9202
0.921
0.9216
0.9202
0.9204
0.9206
0.92
0.9202
0.919
0.9192
0.9194
0.92
0.9194
0.919
0.9208
0.9196
0.92
0.9204
0.9202
0.9188
0.9194
0.92
0.9204
0.9222
0.9214
0.9212
0.9218
0.9216
0.9214
0.9214
0.9226
0.921
0.9212
0.922
0.9218
0.9222
0.9226
0.9218
0.923
0.9236
0.9228
0.9224
0.922
0.9226
0.922
0.9226
0.9218
0.9226
0.922
0.9216
0.9228
0.9234
0.9238
0.9228
0.9228
0.9234
0.9236
0.924
0.9234
0.9232
0.922
0.923
0.9236
0.9224
0.923
0.9224
0.9224
0.9214
0.923
0.9232
0.9228
0.923
0.9236
0.9228
0.9224
0.9216
0.9226
0.9228
0.923
0.922
0.922
0.9224
0.922
0.9228
0.9238
0.9238
0.9232
0.9242
0.9242
0.9234
0.9234
0.9236
0.9212
0.9222
0.9212
0.922
0.9216
0.922
0.9212
0.9214
0.9228
0.9228
0.9222
0.9242
0.9234
0.9224
0.9222
0.922
0.9224
0.921
0.9226
0.9226
0.9212
0.9228
0.9226
0.9232
0.9236
0.9236
0.9234
0.9228
0.9222
0.921
0.9204
0.9222
0.9216
0.922
0.9218
0.9214
0.921
0.9216
0.9224
0.9226
0.9224
0.9234
0.9226
0.9234
0.9204
0.9202
0.9198
0.9204
0.9202
0.9206
0.9212
0.9212
0.9216
0.9222
0.9222
0.9212
0.9214
0.9208
0.921
0.9212
0.9212
0.9198
0.9202
0.9212
0.921
0.9204
0.9224
0.9216
0.9214
0.9212
0.9218
0.9228
0.9226
0.9214
0.9222
0.9214
0.921
0.9204
0.9208
0.922
0.922
0.9218
0.9226
0.9196
0.92
0.9208
0.9216
0.9226
0.9232
0.9226
0.922
0.922
0.9216
0.9222
0.9208
0.921
0.9216
0.922
0.9228
0.9224
0.923
0.9228
0.9232
0.9234
0.923
0.9228
0.9224
0.9228
0.922
0.922
0.9224
0.9234
0.9234
0.9226
0.924
0.9242
0.9234
0.924
0.9232
0.9234
0.9232
0.924
0.9252
0.9242
0.9244
0.9234
0.9234
0.924
0.922
0.9234
0.9224
0.923
0.9234
0.9234
0.9216
0.9228
0.9238
0.9242
0.9236
0.9242
0.925
0.9244
0.9234
0.9224
0.9238
0.9248
0.9226
0.923
0.9232
0.9234
0.9222
0.9226
0.9226
0.9218
0.9224
0.9232
0.9216
0.9214
0.9204
0.9188
0.92
0.9214
0.9212
0.9214
0.9216
0.9224
0.923
0.9228
0.9232
0.9228
0.9226
0.9218
0.923
0.9212
0.9204
0.922
0.9236
0.9226
0.9228
0.9232
0.9228
0.9226
0.9226
0.9226
0.9228
0.9216
0.9218
0.9214
0.9218
0.9224
0.9218
0.9226
0.9222
0.9218
0.9228
0.9238
0.9238
0.9244
0.9234
0.9248
0.924
0.9242
0.9246
0.9234
0.9236
0.9242
0.9234
0.924
0.9228
0.9218
0.9228
0.9228
0.9232
0.9232
0.9236
0.9228
0.9228
0.9226
0.9232
0.9224
0.9226
0.9226
0.9226
0.9214
0.9212
0.9212
0.9222
0.9222
0.9228
0.9228
0.9234
0.9232
0.925
0.9246
0.9238
0.9246
0.925
0.9252
0.9244
0.9244
0.9226
0.9218
0.9224
0.9212
0.9208
0.9204
0.9218
0.9228
0.9224
0.9222
0.924
0.924
0.9236
0.9238
0.9236
0.9236
0.9236
0.9238
0.9242
0.923
0.9234
0.9232
0.9218
0.9228
0.9228
0.9236
0.9234
0.923
0.923
0.9226
0.9226
0.9226
0.922
0.9214
0.923
0.9224
0.922
0.9224
0.9234
0.9234
0.9228
0.924
0.9232
0.9228
0.9222
0.9224
0.9232
0.9238
0.9238
0.924
0.9244
0.9244
0.9236
0.924
0.9224
0.9218
0.9224
0.9218
0.9222
0.9226
0.9234
0.9236
0.9254
0.9244
0.9234
0.9232
0.9236
0.9238
0.9238
0.9246
0.9244
0.9236
0.9248
0.925
0.9244
0.926
0.9258
0.9244
0.9254
0.9238
0.9254
0.9258
0.9256
0.9242
0.9252
0.9254
0.9264
0.9268
0.9262
0.9258
0.9258
0.928
0.928
0.9264
0.9266
0.9266
0.924
0.9254
0.9262
0.9246
0.9256
0.9254
0.926
0.9256
0.9262
0.9256
0.925
0.926
0.926
0.9264
0.9258
0.9264
0.9252
0.9262
0.926
0.9258
0.9262
0.9268
0.9282
0.9252
0.9254
0.9254
0.9254
0.925
0.925
0.9244
0.9254
0.9244
0.9244
0.9256
0.924
0.9248
0.9254
0.9262
0.9238
0.9248
0.9234
0.9248
0.9244
0.9242
0.925
0.924
0.9248
0.9248
0.924
0.9244
0.925
0.925
0.9248
0.925
0.926
0.9248
0.9262
0.9252
0.9246
0.925
0.925
0.926
0.9244
0.9254
0.9256
0.9256
0.9264
0.9266
0.9256
0.9254
0.9254
0.9256
0.926
0.9256
0.9262
0.925
0.9254
0.926
0.9256
0.9242
0.9244
0.9244
0.924
0.9242
0.9234
0.923
0.9228
0.9228
0.923
0.9228
0.9234
0.9236
0.9242
0.924
0.9244
0.9248
0.926
0.924
0.9242
0.9244
0.924
0.9258
0.9264
0.9248
0.9244
0.9248
0.9252
0.924
0.9238
0.9238
0.9234
0.9234
0.9228
0.9232
0.9232
0.923
0.9252
0.925
0.925
0.9268
0.9266
0.9256
0.9238
0.925
0.9236
0.9238
0.9244
0.9246
0.9256
0.9258
0.9266
0.9268
0.9262
0.9266
0.927
0.9268
0.9264
0.9274
0.9278
0.9276
0.9252
0.9262
0.925
0.9248
0.9272
0.9264
0.9262
0.9268
0.926
0.9264
0.926
0.9258
0.927
0.9278
0.9268
0.9264
0.9256
0.9268
0.9258
0.9256
0.9258
0.9262
0.9266
0.926
0.9256
0.9262
0.927
0.9268
0.9268
0.9264
0.9254
0.9268
0.9254
0.9252
0.9254
0.9256
0.9256
0.9266
0.9274
0.9268
0.9272
0.9252
0.9246
0.925
0.9252
0.9262
0.9254
0.9258
0.9272
0.927
0.9254
0.9262
0.9258
0.9264
0.9272
0.9276
0.9276
0.9274
0.9262
0.9266
0.926
0.9268
0.9246
0.9258
0.9264
0.9272
0.9268
0.927
0.9268
0.9266
0.926
0.9266
0.9258
0.9274
0.9266
0.927
0.927
0.9264
0.9246
0.924
0.9252
0.926
0.9256
0.9258
0.926
0.9254
0.9256
0.9254
0.9248
0.9252
0.9258
0.9254
0.9262
0.926
0.9252
0.9246
0.9256
0.9254
0.9258
0.9266
0.9262
0.9252
0.9238
0.925
0.9264
0.9256
0.9254
0.9264
0.925
0.926
0.9254
0.9262
0.9254
0.926
0.927
0.9266
0.926
0.925
0.9252
0.9246
0.9254
0.9262
0.9282
0.9272
0.9276
0.9276
0.9274
0.9276
0.9266
0.9266
0.9272
0.9268
0.9276
0.927
0.9268
0.928
0.9278
0.9266
0.9272
0.9266
0.9272
0.9276
0.9286
0.929
0.93
0.9266
0.927
0.9274
0.9264
0.9268
0.9278
0.9252
0.9258
0.9268
0.9268
0.9264
0.9262
0.9264
0.9254
0.9258
0.926
0.9264
0.9266
0.9264
0.9264
0.927
0.9254
0.9264
0.9276
0.9272
0.9268
0.9266
0.9258
0.9262
0.926
0.926
0.9266
0.9274
0.9268
0.9274
0.927
0.9274
0.9272
0.9266
0.9274
0.9274
0.928
0.928
0.927
0.9254
0.9268
0.926
0.9262
0.9264
0.9262
0.926
0.9282
0.9274
0.9278
0.928
0.927
0.926
0.927
0.9268
0.9276
0.9268
0.9278
0.928
0.9286
0.9288
0.9286
0.9286
0.9292
0.9294
0.9282
0.9282
0.928
0.927
0.9286
0.9286
0.9278
0.9276
0.9274
0.9278
0.9278
0.9276
0.9286
0.9276
0.9284
0.9282
0.9272
0.9276
0.9286
0.9278
0.9286
0.9284
0.927
0.9274
0.927
0.9276
0.93
0.9296
0.9288
0.9286
0.9282
0.9272
0.9276
0.928
0.9288
0.9286
0.928
0.9278
0.9286
0.9286
0.9284
0.9284
0.9294
0.929
0.9286
0.9278
0.9298
0.9284
0.9278
0.9276
0.927
0.928
0.928
0.9272
0.9272
0.9264
0.926
0.9258
0.9268
0.9258
0.9264
0.9258
0.9262
0.9272
0.928
0.9282
0.9276
0.9276
0.9274
0.928
0.9282
0.9274
0.9274
0.9272
0.927
0.9274
0.9276
0.9268
0.928
0.9276
0.9278
0.9276
0.9272
0.927
0.9276
0.929
0.9284
0.9276
0.9288
0.9294
0.9286
0.9298
0.9302
0.9284
0.929
0.9296
0.9286
0.93
0.9294
0.9286
0.928
0.9276
0.9282
0.9294
0.9294
0.9288
0.9292
0.9276
0.9288
0.9284
0.9278
0.9288
0.9284
0.9276
0.9282
0.9286
0.9276
0.9276
0.927
0.9278
0.9292
0.929
0.9298
0.9302
0.9284
0.928
0.9288
0.929
0.929
0.9288
0.9296
0.929
0.9286
0.9296
0.9298
0.9294
0.9302
0.9294
0.9294
0.9296
0.9302
0.93
0.93
0.93
0.929
0.9292
0.9296
0.9298
0.9298
0.9304
0.9296
0.9298
0.9308
0.931
0.9308
0.9296
0.93
0.9296
0.9304
0.9304
0.9304
0.9304
0.93
0.9298
0.9292
0.93
0.9306
0.9304
0.9304
0.9294
0.9296
0.9306
0.9294
0.9294
0.9296
0.9302
0.9294
0.9304
0.9296
0.9302
0.9306
0.9304
0.9304
0.9302
0.93
0.9296
0.9296
0.9294
0.9296
0.929
0.929
0.9286
0.929
0.9288
0.929
0.9292
0.929
0.9288
0.9294
0.9298
0.9306
0.9306
0.9298
0.93
0.9308
0.9314
0.9306
0.9314
0.9312
0.9314
0.9302
0.9308
0.9302
0.931
0.929
0.93
0.9298
0.9296
0.928
0.9284
0.9292
0.9288
0.9292
0.93
0.9296
0.9288
0.9284
0.9298
0.9288
0.929
0.9288
0.9294
0.928
0.9282
0.9288
0.9296
0.9296
0.93
0.9296
0.9294
0.9284
0.9282
0.9286
0.9288
0.9288
0.93
0.9288
0.929
0.9294
0.9292
0.9288
0.9296
0.9298
0.93
0.9302
0.93
0.9304
0.9284
0.929
0.9294
0.93
0.929
0.9294
0.93
0.9298
0.9298
0.929
0.9286
0.9278
0.9294
0.93
0.9306
0.9314
0.9308
0.9298
0.9284
0.9292
0.9274
0.929
0.9296
0.93
0.9306
0.9302
0.9308
0.9304
0.9296
0.9262
0.9274
0.9282
0.9294
0.9288
0.9278
0.9278
0.929
0.9286
0.9298
0.9308
0.9304
0.9304
0.9304
0.9302
0.9294
0.9296
0.9294
0.9296
0.929
0.9296
0.9308
0.9298
0.929
0.9292
0.9288
0.9282
0.9284
0.9288
0.9278
0.9286
0.9286
0.9274
0.928
0.9274
0.9276
0.9266
0.9276
0.9286
0.9286
0.9284
0.928
0.9278
0.9288
0.9286
0.93
0.9292
0.9296
0.9302
0.9298
0.9294
0.9296
0.9294
0.9298
0.9294
0.9306
0.9302
0.9298
0.9296
0.9294
0.9298
0.9306
0.9304
0.9298
0.93
0.9294
0.9302
0.9304
0.93
0.9296
0.9298
0.93
0.9306
0.9308
0.9292
0.929
0.9302
0.9294
0.9296
0.9284
0.9288
0.9298
0.9306
0.9294
0.929
0.9296
0.93
0.9294
0.9294
0.931
0.9302
0.9296
0.9296
0.929
0.9298
0.9304
0.9304
0.93
0.9298
0.9298
0.9298
0.9274
0.928
0.9286
0.9282
0.9284
0.9296
0.9288
0.9282
0.9302
0.9312
0.9298
0.9298
0.9296
0.9278
0.9278
0.9284
0.9284
0.9282
0.9276
0.928
0.929
0.9294
0.9308
0.931
0.93
0.9296
0.9284
0.9286
0.9304
0.931
0.931
0.9296
0.931
0.9298
0.9298
0.9298
0.9298
0.93
0.9308
0.9292
0.9294
0.9288
0.9296
0.9298
0.9296
0.93
0.9308
0.9304
0.9306
0.9304
0.9302
0.9296
0.9294
0.9296
0.9302
0.9306
0.9308
0.9298
0.9302
0.9302
0.9298
0.9298
0.9298
0.93
0.93
0.9288
0.9292
0.9296
0.9304
0.9296
0.93
0.9298
0.9296
0.9298
0.9292
0.929
0.9304
0.9298
0.9292
0.9294
0.9304
0.9296
0.93
0.9302
0.931
0.9314
0.9312
0.9316
0.9318
0.932
0.9326
0.9314
0.9324
0.9326
0.9312
0.931
0.9296
0.93
0.9302
0.9304
0.9296
0.9298
0.9318
0.9312
0.931
0.9308
0.9306
0.9312
0.931
0.9316
0.9314
0.9312
0.9306
0.9302
0.9314
0.9312
0.9312
0.9306
0.931
0.931
0.931
0.931
0.9302
0.9294
0.9296
0.9308
0.9308
0.93
0.9292
0.93
0.9292
0.9294
0.9306
0.9292
0.9296
0.9286
0.9282
0.928
0.929
0.9304
0.9296
0.931
0.93
0.9304
0.9304
0.9298
0.9294
0.93
0.9294
0.9318
0.9308
0.9304
0.9304
0.9308
0.9298
0.93
0.9304
0.9294
0.9304
0.9308
0.9304
0.9306
0.9304
0.93
0.929
0.93
0.9298
0.9298
0.9298
0.9296
0.9286
0.9292
0.9286
0.9284
0.9292
0.9288
0.9292
0.9294
0.929
0.93
0.9298
0.9304
0.9306
0.9304
0.9306
0.9306
0.9302
0.93
0.9292
0.93
0.9302
0.93
0.9304
0.9278
0.9296
0.9298
0.9298
0.9274
0.9264
0.926
0.9258
0.9258
0.926
0.9256
0.9254
0.9272
0.9272
0.9302
0.9298
0.9284
0.928
0.9284
0.9292
0.9296
0.9302
0.9282
0.9294
0.9282
0.9284
0.928
0.9276
0.9278
0.9282
0.9284
0.93
0.9296
0.9302
0.9286
0.9294
0.9304
0.9302
0.9302
0.9286
0.9276
0.9272
0.9278
0.9284
0.9282
0.9278
0.9282
0.928
0.9284
0.9296
0.928
0.9286
0.9294
0.9286
0.9296
0.9304
0.9296
0.9294
0.9292
0.931
0.9298
0.93
0.93
0.9296
0.9292
0.929
0.9294
0.9298
0.9306
0.9296
0.9308
0.9316
0.9314
0.9316
0.9308
0.931
0.9306
0.9306
0.9302
0.93
0.9304
0.9288
0.9302
0.9294
0.9298
0.9292
0.9302
0.931
0.9312
0.931
0.9306
0.93
0.9296
0.9304
0.9308
0.9302
0.9288
0.9298
0.9306
0.9302
0.9314
0.932
0.931
0.9306
0.9308
0.931
0.9308
0.9308
0.9308
0.9312
0.932
0.9308
0.9314
0.932
0.9302
0.9306
0.932
0.9312
0.9318
0.9316
0.931
0.9314
0.931
0.9312
0.9302
0.9304
0.9294
0.9298
0.9312
0.9308
0.9306
0.9306
0.9318
0.9314
0.9318
0.9312
0.9312
0.9304
0.9302
0.9302
0.93
0.9298
0.9298
0.9296
0.9318
0.9316
0.9316
0.9318
0.9324
0.9322
0.9328
0.9322
0.9326
0.9328
0.9316
0.932
0.9326
0.9316
0.9326
0.9324
0.9328
0.932
0.9326
0.9326
0.9334
0.9338
0.9338
0.9332
0.933
0.9324
0.9336
0.9334
0.9342
0.934
0.9332
0.9322
0.9326
0.9326
0.9316
0.9308
0.933
0.9324
0.9328
0.9318
0.932
0.932
0.9324
0.9326
0.9328
0.9316
0.9314
0.932
0.9318
0.9314
0.931
0.9322
0.931
0.9304
0.931
0.9316
0.931
0.9322
0.9322
0.9322
0.9322
0.9332
0.933
0.9328
0.933
0.9326
0.9332
0.9326
0.9326
0.9326
0.9326
0.9322
0.9332
0.9342
0.9336
0.933
0.9334
0.934
0.9336
0.9334
0.934
0.9346
0.933
0.9334
0.9328
0.9324
0.9322
0.932
0.9312
0.9314
0.9316
0.9324
0.9328
0.933
0.9334
0.9322
0.933
0.9322
0.9328
0.9314
0.9316
0.932
0.9318
0.9328
0.9324
0.9316
0.932
0.932
0.9322
0.9326
0.9324
0.9326
0.931
0.9314
0.9312
0.9326
0.9322
0.9322
0.9322
0.9328
0.9326
0.933
0.933
0.9334
0.9334
0.934
0.933
0.9332
0.9334
0.9334
0.9332
0.9318
0.9314
0.9308
0.9308
0.9314
0.9332
0.932
0.9318
0.9324
0.9324
0.932
0.9322
0.9334
0.9328
0.9328
0.9336
0.932
0.9322
0.9328
0.9328
0.9322
0.9314
0.9322
0.9332
0.933
0.9338
0.9334
0.9332
0.933
0.9332
0.9328
0.933
0.9314
0.9322
0.9318
0.9312
0.9314
0.9314
0.9316
0.9322
0.9316
0.9314
0.9308
0.9326
0.9326
0.9336
0.935
0.9328
0.9324
0.9332
0.9326
0.931
0.9306
0.932
0.9318
0.931
0.9322
0.933
0.9332
0.9322
0.933
0.9318
0.93
0.9314
0.9306
0.9314
0.9328
0.9332
0.9328
0.9322
0.9332
0.9326
0.9324
0.9322
0.934
0.9322
0.9312
0.931
0.931
0.9312
0.9332
0.9324
0.9338
0.9332
0.9336
0.9332
0.9322
0.9324
0.9332
0.932
0.9316
0.9318
0.9316
0.9322
0.9324
0.9328
0.9312
0.9324
0.932
0.9326
0.9314
0.932
0.9324
0.9328
0.9316
0.9318
0.933
0.9316
0.9318
0.933
0.9328
0.9334
0.9326
0.933
0.9328
0.9316
0.932
0.932
0.9328
0.9332
0.9328
0.9312
0.9322
0.9312
0.9304
0.931
0.9312
0.9298
0.9308
0.9304
0.9302
0.9304
0.9304
0.93
0.93
0.93
0.93
0.932
0.9314
0.9308
0.9292
0.9296
0.9292
0.9302
0.9312
0.9318
0.933
0.9326
0.9336
0.933
0.933
0.9336
0.9338
0.9344
0.9338
0.9334
0.9334
0.934
0.9338
0.934
0.9336
0.9328
0.9334
0.9334
0.934
0.934
0.9344
0.934
0.9336
0.9336
0.9336
0.9332
0.9336
0.934
0.9334
0.9336
0.9328
0.9326
0.9326
0.9326
0.9328
0.9332
0.9332
0.9338
0.934
0.9334
0.9328
0.9328
0.933
0.9332
0.9338
0.9332
0.9344
0.9346
0.9338
0.9336
0.9336
0.9332
0.9334
0.9328
0.9332
0.9332
0.9324
0.9334
0.9336
0.9342
0.9344
0.9342
0.9344
0.9344
0.935
0.934
0.9338
0.9334
0.934
0.934
0.9332
0.933
0.932
0.9318
0.9318
0.9318
0.931
0.9306
0.931
0.9312
0.9322
0.9312
0.9316
0.9314
0.9322
0.9318
0.9314
0.932
0.9308
0.9306
0.93
0.9304
0.9312
0.9324
0.9326
0.931
0.9314
0.9308
0.9322
0.9322
0.9322
0.9324
0.9318
0.9314
0.9316
0.9316
0.9318
0.9322
0.932
0.9322
0.9318
0.9324
0.9318
0.9338
0.9338
0.9334
0.9338
0.9342
0.9338
0.9332
0.9338
0.934
0.9338
0.9338
0.9328
0.9328
0.933
0.9338
0.9338
0.9328
0.9336
0.933
0.9334
0.9334
0.9318
0.9324
0.9324
0.932
0.9316
0.932
0.9328
0.933
0.9338
0.9346
0.9348
0.9346
0.9348
0.934
0.9324
0.9326
0.9326
0.9332
0.9336
0.9336
0.9336
0.9334
0.9332
0.9326
0.9328
0.9328
0.9318
0.9328
0.9318
0.9314
0.932
0.9332
0.9332
0.9344
0.9338
0.9336
0.9334
0.9332
0.933
0.9324
0.9334
0.9338
0.9324
0.9332
0.9334
0.9336
0.9346
0.9334
0.9332
0.9334
0.9334
0.933
0.932
0.9324
0.9324
0.9318
0.932
0.9314
0.9314
0.9314
0.9302
0.9302
0.9306
0.93
0.9314
0.934
0.9336
0.9332
0.933
0.9326
0.933
0.933
0.934
0.9352
0.9344
0.9328
0.934
0.9334
0.9338
0.9332
0.9332
0.9328
0.9316
0.9316
0.933
0.9324
0.9332
0.933
0.9336
0.9328
0.9326
0.9326
0.9328
0.9328
0.9326
0.9326
0.9322
0.9326
0.933
0.9334
0.933
0.9326
0.9324
0.9326
0.9326
0.9328
0.9332
0.9342
0.9332
0.9336
0.933
0.9332
0.9342
0.934
0.934
0.9324
0.9334
0.9326
0.9328
0.9336
0.9318
0.932
0.9336
0.933
0.9308
0.9302
0.9306
0.9298
0.93
0.9304
0.9312
0.9324
0.9336
0.9332
0.9326
0.933
0.9336
0.9348
0.9346
0.9342
0.934
0.9344
0.9342
0.9334
0.9328
0.9352
0.9342
0.9346
0.9358
0.9348
0.9344
0.9334
0.9338
0.9338
0.9338
0.934
0.9324
0.9326
0.933
0.9312
0.9308
0.9312
0.9324
0.934
0.9326
0.9336
0.933
0.9342
0.9338
0.9336
0.9336
0.933
0.9314
0.932
0.9322
0.9332
0.9338
0.9326
0.9322
0.9334
0.9334
0.9338
0.9338
0.9332
0.9342
0.9348
0.9358
0.9352
0.935
0.935
0.9356
0.9344
0.9362
0.935
0.9346
0.9338
0.9352
0.936
0.9354
0.9364
0.9356
0.9356
0.9348
0.9358
0.9358
0.936
0.935
0.936
0.9354
0.9348
0.9348
0.9358
0.9352
0.9352
0.9348
0.935
0.9346
0.9346
0.934
0.9334
0.9342
0.934
0.9346
0.934
0.9338
0.9342
0.9338
0.9338
0.9342
0.933
0.9332
0.9334
0.9348
0.9346
0.9348
0.9358
0.935
0.9356
0.9358
0.9354
0.9336
0.9334
0.9342
0.9346
0.933
0.9318
0.9322
0.9322
0.9338
0.9334
0.9334
0.934
0.9346
0.9342
0.934
0.9336
0.9344
0.9344
0.9346
0.935
0.934
0.9338
0.9348
0.9348
0.9348
0.9342
0.9346
0.9362
0.9352
0.9344
0.9338
0.9342
0.934
0.9344
0.9344
0.9352
0.9338
0.9338
0.9332
0.9344
0.9338
0.9324
0.9348
0.9354
0.9362
0.9338
0.9332
0.934
0.9332
0.934
0.9348
0.9338
0.9336
0.9342
0.9334
0.9344
0.9338
0.9342
0.9338
0.9346
0.9346
0.9342
0.9336
0.9342
0.936
0.9346
0.9344
0.936
0.9356
0.936
0.9356
0.936
0.9354
0.9366
0.9362
0.9352
0.9354
0.9352
0.9356
0.936
0.9358
0.9356
0.9362
0.9352
0.9336
0.9346
0.9334
0.9366
0.9356
0.9358
0.9354
0.9352
0.9356
0.935
0.935
0.9354
0.9346
0.9356
0.936
0.9362
0.936
0.9368
0.9366
0.937
0.9366
0.9366
0.9362
0.936
0.9356
0.9356
0.9348
0.9352
0.935
0.934
0.933
0.9334
0.9336
0.9334
0.9338
0.9334
0.934
0.9328
0.9338
0.934
0.9334
0.9326
0.9334
0.932
0.932
0.9314
0.931
0.9322
0.9316
0.9302
0.9306
0.9318
0.9318
0.9318
0.9324
0.9322
0.9336
0.9332
0.9338
0.933
0.9334
0.9336
0.9328
0.9296
0.9292
0.9302
0.9296
0.93
0.9304
0.9308
0.9308
0.9302
0.931
0.9302
0.9306
0.931
0.9316
0.9324
0.9328
0.9338
0.9334
0.9334
0.9336
0.933
0.9328
0.9332
0.9324
0.9328
0.9336
0.9334
0.9344
0.934
0.9346
0.9342
0.9354
0.9348
0.934
0.9342
0.9362
0.9348
0.9338
0.9356
0.9354
0.9362
0.9364
0.9366
0.9344
0.9346
0.9354
0.9354
0.9356
0.936
0.9362
0.9362
0.9366
0.9356
0.9356
0.936
0.9368
0.9362
0.9362
0.9352
0.9344
0.9352
0.9364
0.9368
0.9364
0.9362
0.937
0.9372
0.936
0.9366
0.9366
0.9366
0.9374
0.9362
0.9362
0.9372
0.9372
0.9368
0.9352
0.9368
0.936
0.9362
0.937
0.9364
0.936
0.937
0.9358
0.936
0.9356
0.935
0.9336
0.9344
0.9344
0.9344
0.934
0.933
0.9328
0.9328
0.9326
0.933
0.9318
0.9324
0.9328
0.9332
0.9332
0.9332
0.9328
0.9332
0.9332
0.9334
0.9332
0.9328
0.9332
0.9328
0.9328
0.9328
0.9328
0.9328
0.933
0.9304
0.9306
0.9312
0.9312
0.9308
0.93
0.9304
0.9312
0.9306
0.932
0.9324
0.9334
0.9336
0.9334
0.9334
0.9322
0.9318
0.9334
0.9334
0.9336
0.9328
0.9328
0.933
0.9332
0.9334
0.9332
0.9334
0.934
0.9338
0.934
0.935
0.9354
0.9362
0.9362
0.936
0.9362
0.9358
0.9358
0.9356
0.9348
0.9348
0.9348
0.9348
0.935
0.9348
0.9348
0.9344
0.9342
0.9336
0.9334
0.934
0.9334
0.9346
0.9352
0.9336
0.936
0.9366
0.9358
0.9352
0.9356
0.9358
0.9358
0.9364
0.936
0.9366
0.9364
0.9366
0.9368
0.937
0.937
0.9374
0.9364
0.9356
0.9362
0.936
0.9358
0.937
0.9364
0.9374
0.9376
0.937
0.9364
0.9364
0.9366
0.9352
0.9352
0.9354
0.9356
0.9356
0.935
0.9352
0.9362
0.9368
0.9356
0.9364
0.9358
0.9366
0.936
0.935
0.9358
0.9344
0.935
0.935
0.934
0.9354
0.9356
0.9352
0.9352
0.9356
0.936
0.9356
0.9344
0.9334
0.9352
0.9346
0.9332
0.933
0.9332
0.9326
0.9328
0.9328
0.933
0.933
0.9332
0.9348
0.9352
0.9354
0.935
0.935
0.9338
0.9338
0.9338
0.935
0.9346
0.935
0.935
0.9354
0.9354
0.9358
0.9364
0.935
0.9348
0.9358
0.9354
0.9352
0.935
0.9354
0.9354
0.9346
0.9358
0.9352
0.9362
0.9352
0.935
0.9356
0.9358
0.9332
0.9336
0.9338
0.9336
0.9328
0.933
0.934
0.9334
0.9342
0.9344
0.9352
0.9348
0.9342
0.9338
0.9334
0.9334
0.933
0.934
0.9356
0.9364
0.9356
0.935
0.9356
0.9358
0.9354
0.9352
0.9362
0.9354
0.9356
0.9356
0.9352
0.9358
0.9362
0.9352
0.9352
0.9336
0.9334
0.9334
0.9336
0.933
0.933
0.9338
0.9342
0.9324
0.9328
0.9324
0.9332
0.9332
0.9336
0.9336
0.9344
0.9344
0.9344
0.9344
0.9342
0.9358
0.9352
0.9348
0.934
0.9344
0.9346
0.9346
0.9342
0.934
0.9346
0.9356
0.9348
0.9342
0.9344
0.9346
0.9346
0.9346
0.934
0.9336
0.934
0.9346
0.9358
0.9356
0.9356
0.9352
0.935
0.9346
0.9346
0.9344
0.9338
0.9342
0.934
0.9344
0.9348
0.9352
0.9354
0.9352
0.9354
0.935
0.9362
0.9368
0.9368
0.9358
0.9364
0.9358
0.9356
0.9354
0.9352
0.935
0.9356
0.9354
0.9348
0.9352
0.9366
0.9366
0.9362
0.9364
0.9366
0.9364
0.936
0.9362
0.9364
0.9364
0.9366
0.937
0.9368
0.9366
0.9362
0.9368
0.9368
0.936
0.9362
0.9356
0.9354
0.9346
0.9352
0.9348
0.935
0.9354
0.9348
0.9346
0.9346
0.934
0.9348
0.9342
0.9344
0.9342
0.934
0.9334
0.933
0.9332
0.9352
0.934
0.9344
0.9356
0.9346
0.9352
0.935
0.9356
0.9352
0.935
0.935
0.935
0.9358
0.935
0.9342
0.935
0.9346
0.9348
0.9334
0.934
0.9328
0.9332
0.9334
0.9328
0.9328
0.9334
0.9342
0.933
0.9336
0.9328
0.9336
0.935
0.9354
0.9354
0.9356
0.935
0.935
0.9348
0.9356
0.9348
0.9354
0.9352
0.9352
0.934
0.9328
0.9336
0.9338
0.9336
0.934
0.9334
0.9328
0.9342
0.9322
0.9326
0.9336
0.9336
0.934
0.9332
0.9328
0.9332
0.9336
0.933
0.9328
0.9328
0.9328
0.9324
0.9334
0.9332
0.9336
0.9332
0.933
0.9326
0.9334
0.9338
0.9344
0.9348
0.9352
0.9354
0.935
0.935
0.9338
0.9346
0.9356
0.935
0.9352
0.935
0.9338
0.9334
0.9334
0.934
0.9332
0.935
0.9342
0.9338
0.9334
0.934
0.9326
0.9326
0.9332
0.9336
0.9336
0.933
0.9336
0.934
0.9338
0.933
0.9334
0.9334
0.9346
0.935
0.935
0.9344
0.9346
0.935
0.936
0.936
0.9352
0.9354
0.9346
0.9354
0.9354
0.934
0.9354
0.9376
0.9374
0.9372
0.9362
0.9366
0.937
0.9382
0.9376
0.9388
0.9386
0.9384
0.938
0.9388
0.9388
0.939
0.9376
0.9392
0.9392
0.938
0.9382
0.9396
0.9404
0.9392
0.9384
0.9398
0.9394
0.9394
0.939
0.9382
0.9392
0.9396
0.939
0.9384
0.9386
0.9388
0.9392
0.9394
0.94
0.9392
0.94
0.9404
0.9408
0.9394
0.9388
0.9384
0.9402
0.9402
0.941
0.9402
0.9404
0.9402
0.9402
0.9404
0.94
0.9408
0.9384
0.9382
0.9378
0.9378
0.9384
0.9378
0.9386
0.9384
0.939
0.9392
0.94
0.94
0.9396
0.9386
0.9386
0.939
0.9386
0.9384
0.938
0.9382
0.9392
0.939
0.9398
0.9396
0.9394
0.939
0.9392
0.9388
0.9396
0.9376
0.9388
0.9386
0.9384
0.9384
0.939
0.9384
0.9388
0.9388
0.9394
0.9386
0.938
0.9378
0.939
0.939
0.9392
0.9388
0.938
0.9384
0.9386
0.937
0.938
0.9392
0.939
0.9384
0.938
0.9382
0.9384
0.9374
0.9376
0.9372
0.9384
0.9384
0.9384
0.9386
0.9384
0.9392
0.9388
0.9384
0.939
0.9396
0.9396
0.9382
0.9388
0.9384
0.9398
0.9398
0.939
0.9378
0.9376
0.9386
0.938
0.9384
0.9368
0.9368
0.9368
0.9372
0.9368
0.9398
0.9386
0.9402
0.9402
0.9406
0.94
0.9378
0.9388
0.9392
0.939
0.94
0.9394
0.9404
0.9412
0.9414
0.9412
0.9408
0.9398
0.9398
0.9398
0.94
0.9394
0.9394
0.9394
0.9398
0.9396
0.938
0.9374
0.936
0.9372
0.938
0.9372
0.9374
0.9368
0.9374
0.9382
0.938
0.9374
0.9384
0.9362
0.9362
0.9374
0.9376
0.9386
0.939
0.9386
0.94
0.9398
0.94
0.9378
0.9388
0.937
0.9368
0.9358
0.9356
0.9364
0.9364
0.9368
0.9376
0.9374
0.9376
0.9378
0.9378
0.937
0.9374
0.938
0.9386
0.9378
0.9388
0.9382
0.9386
0.9386
0.9368
0.9378
0.9372
0.9374
0.937
0.9372
0.9372
0.9374
0.9386
0.9384
0.9394
0.9386
0.9396
0.9384
0.9382
0.9376
0.938
0.9378
0.938
0.9382
0.938
0.9388
0.9384
0.938
0.9398
0.9384
0.9386
0.9372
0.935
0.9352
0.9352
0.9362
0.9364
0.9354
0.9368
0.937
0.9354
0.9378
0.9376
0.938
0.9382
0.938
0.938
0.9392
0.9386
0.9384
0.9374
0.9382
0.9374
0.9374
0.9388
0.9388
0.9386
0.9378
0.94
0.9398
0.94
0.9394
0.94
0.94
0.9386
0.9402
0.9398
0.9386
0.9384
0.9394
0.9376
0.9388
0.9384
0.9384
0.94
0.938
0.9384
0.9376
0.9378
0.9376
0.9376
0.939
0.9394
0.9396
0.9394
0.9384
0.939
0.9402
0.9398
0.94
0.9398
0.9392
0.9394
0.9394
0.9402
0.939
0.9394
0.9386
0.9384
0.9392
0.9394
0.9388
0.9386
0.9388
0.9388
0.938
0.9384
0.9374
0.937
0.936
0.9368
0.9364
0.9374
0.9372
0.937
0.9378
0.9374
0.9374
0.9384
0.9392
0.9394
0.9402
0.9398
0.94
0.9402
0.9398
0.9394
0.9386
0.94
0.9402
0.9398
0.9388
0.9388
0.9392
0.9386
0.94
0.9396
0.9376
0.9374
0.9374
0.938
0.9376
0.9382
0.939
0.94
0.94
0.94
0.9388
0.939
0.9394
0.9398
0.9402
0.9394
0.9386
0.9396
0.939
0.9394
0.9392
0.939
0.9392
0.9394
0.9382
0.9384
0.9394
0.9384
0.9388
0.9406
0.9406
0.9406
0.9406
0.9408
0.9398
0.9394
0.9378
0.9376
0.9378
0.938
0.9382
0.9388
0.938
0.9386
0.938
0.9374
0.9382
0.9378
0.9388
0.9386
0.9384
0.9396
0.9384
0.9394
0.9392
0.9384
0.9376
0.9378
0.938
0.9384
0.9384
0.9394
0.9388
0.9388
0.9382
0.9368
0.9382
0.9374
0.937
0.938
0.9382
0.9378
0.9384
0.9394
0.9392
0.9392
0.939
0.9396
0.94
0.9394
0.9398
0.9396
0.939
0.9396
0.9394
0.9396
0.9376
0.9384
0.9382
0.9376
0.938
0.9378
0.9392
0.9368
0.9368
0.9376
0.9372
0.937
0.938
0.9384
0.9376
0.9384
0.938
0.9382
0.9382
0.9376
0.9382
0.9382
0.9374
0.9374
0.939
0.937
0.9386
0.9392
0.9386
0.937
0.937
0.937
0.9372
0.9372
0.9376
0.9378
0.9378
0.9378
0.9374
0.9384
0.9384
0.9384
0.9378
0.9372
0.9378
0.9382
0.9382
0.9384
0.937
0.938
0.9378
0.9376
0.9366
0.9368
0.9372
0.9372
0.9366
0.937
0.937
0.9374
0.9372
0.9374
0.9374
0.9392
0.9392
0.9388
0.939
0.9388
0.9388
0.9376
0.938
0.9376
0.9378
0.9378
0.9374
0.9374
0.9368
0.9368
0.9374
0.938
0.937
0.937
0.9372
0.9358
0.9362
0.9356
0.9366
0.937
0.9382
0.9376
0.938
0.9378
0.938
0.9386
0.9396
0.939
0.938
0.9382
0.9404
0.9396
0.9398
0.9398
0.9394
0.9396
0.9398
0.9398
0.9394
0.9398
0.9402
0.9398
0.9396
0.94
0.9402
0.9404
0.9398
0.9392
0.9392
0.939
0.9392
0.9392
0.9396
0.9394
0.9386
0.9388
0.9394
0.9392
0.939
0.9394
0.939
0.9386
0.939
0.9404
0.9406
0.9404
0.9404
0.9404
0.9392
0.9384
0.94
0.9398
0.939
0.9394
0.9402
0.9406
0.939
0.94
0.9402
0.9396
0.9398
0.9396
0.9388
0.94
0.9406
0.9408
0.941
0.9386
0.9392
0.9394
0.9394
0.9398
0.9398
0.9398
0.9394
0.9394
0.9392
0.9392
0.9402
0.9394
0.9384
0.9388
0.939
0.9374
0.939
0.9396
0.9386
0.9394
0.9402
0.9388
0.9394
0.9408
0.941
0.9408
0.9404
0.9404
0.9394
0.9404
0.94
0.9398
0.9402
0.9384
0.9384
0.938
0.9386
0.9392
0.9384
0.9384
0.9382
0.9384
0.939
0.9388
0.9376
0.9376
0.9378
0.937
0.9374
0.9376
0.9372
0.9374
0.938
0.9382
0.9382
0.9392
0.9396
0.9392
0.9394
0.939
0.939
0.939
0.9384
0.9388
0.939
0.939
0.9384
0.9398
0.9382
0.9382
0.9382
0.9376
0.9384
0.9396
0.9388
0.9394
0.9404
0.94
0.9402
0.9398
0.9386
0.9392
0.9388
0.9394
0.9392
0.9396
0.94
0.9402
0.9412
0.9406
0.9414
0.942
0.9408
0.9408
0.941
0.941
0.9416
0.9402
0.9402
0.9404
0.941
0.9408
0.9408
0.9402
0.9404
0.9408
0.9394
0.9406
0.9404
0.9396
0.9408
0.9404
0.9392
0.9392
0.939
0.9388
0.9384
0.9384
0.9388
0.9388
0.9382
0.9376
0.938
0.9372
0.938
0.9384
0.9384
0.938
0.9388
0.9384
0.9392
0.9398
0.9408
0.941
0.9396
0.9398
0.9394
0.9408
0.9412
0.941
0.9406
0.9398
0.9392
0.938
0.9394
0.939
0.9392
0.9392
0.9412
0.9398
0.9384
0.9376
0.9382
0.9386
0.9384
0.9382
0.9388
0.9408
0.9402
0.94
0.9384
0.9396
0.9386
0.9388
0.9388
0.939
0.939
0.9388
0.9388
0.9382
0.9388
0.9376
0.9376
0.9374
0.9386
0.9392
0.9394
0.9384
0.9382
0.939
0.9388
0.9394
0.9392
0.9384
0.9388
0.9392
0.9388
0.9396
0.9402
0.9402
0.9396
0.9388
0.9386
0.939
0.9384
0.938
0.9384
0.9386
0.9382
0.9388
0.9384
0.939
0.939
0.9382
0.9366
0.9368
0.9376
0.9378
0.9366
0.9366
0.9374
0.9378
0.9384
0.938
0.9384
0.9388
0.9394
0.9408
0.9408
0.9406
0.9392
0.9398
0.9392
0.9398
0.94
0.9398
0.94
0.9386
0.939
0.94
0.941
0.9394
0.9408
0.9404
0.9416
0.9402
0.9404
0.9406
0.941
0.9398
0.9394
0.94
0.9392
0.9388
0.9388
0.9386
0.9386
0.9394
0.9392
0.9388
0.9388
0.9378
0.938
0.938
0.9382
0.9372
0.9376
0.939
0.9418
0.9424
0.941
0.9396
0.9402
0.9406
0.9402
0.9396
0.9406
0.941
0.9406
0.9408
0.9406
0.942
0.9414
0.9408
0.9408
0.9404
0.94
0.9398
0.9408
0.94
0.9402
0.9402
0.9394
0.9398
0.938
0.9388
0.939
0.939
0.9392
0.94
0.9402
0.94
0.9396
0.9396
0.9394
0.94
0.9402
0.9398
0.9398
0.9394
0.9394
0.9388
0.9396
0.9402
0.9402
0.941
0.9402
0.941
0.9402
0.94
0.9396
0.94
0.9402
0.9404
0.9392
0.9398
0.9394
0.9402
0.9408
0.9414
0.9422
0.9416
0.9406
0.9406
0.941
0.9402
0.9398
0.9404
0.9404
0.9398
0.9398
0.9398
0.9402
0.9406
0.9398
0.9386
0.9402
0.9388
0.9394
0.9384
0.9396
0.9394
0.9404
0.9384
0.9378
0.9384
0.9388
0.9392
0.938
0.9386
0.9376
0.9374
0.9394
0.9386
0.9392
0.939
0.9392
0.9392
0.9388
0.9392
0.9396
0.9386
0.9392
0.9392
0.9386
0.939
0.9392
0.94
0.941
0.941
0.942
0.9404
0.9416
0.9406
0.941
0.9412
0.9406
0.9402
0.94
0.9408
0.9412
0.9402
0.9406
0.9408
0.9402
0.9406
0.9406
0.9414
0.9412
0.9414
0.9422
0.9416
0.9406
0.941
0.9398
0.9396
0.94
0.9396
0.9394
0.9406
0.9398
0.9396
0.9396
0.9394
0.9394
0.9392
0.9392
0.9392
0.9392
0.9398
0.9392
0.9398
0.9396
0.9394
0.9392
0.94
0.9402
0.94
0.9406
0.941
0.94
0.9406
0.9402
0.94
0.9404
0.9402
0.9398
0.9388
0.94
0.9392
0.9404
0.9404
0.9414
0.9404
0.94
0.9394
0.939
0.9394
0.9406
0.9396
0.939
0.9402
0.9398
0.9388
0.9404
0.9414
0.9414
0.9392
0.9384
0.939
0.9386
0.9388
0.9386
0.9388
0.939
0.939
0.9394
0.9394
0.9398
0.939
0.9398
0.9394
0.9396
0.9394
0.94
0.9406
0.9402
0.9408
0.9408
0.9402
0.9412
0.9406
0.9402
0.9402
0.9406
0.9398
0.9408
0.9414
0.9402
0.9388
0.939
0.9392
0.9406
0.9402
0.9412
0.9412
0.9414
0.9414
0.9398
0.9394
0.9394
0.9414
0.9414
0.9418
0.9422
0.9414
0.9418
0.9414
0.9404
0.9412
0.9418
0.9422
0.9428
0.9426
0.9418
0.9428
0.9416
0.9406
0.9406
0.9424
0.9406
0.9408
0.9402
0.9398
0.9406
0.9404
0.9406
0.9406
0.9408
0.9408
0.9422
0.9414
0.9412
0.941
0.9396
0.9396
0.94
0.9394
0.94
0.94
0.9392
0.9412
0.9404
0.9394
0.9396
0.9394
0.9402
0.9392
0.9394
0.9394
0.9404
0.9406
0.9406
0.9386
0.939
0.94
0.9394
0.941
0.9406
0.9408
0.9416
0.9414
0.942
0.9408
0.94
0.9388
0.9386
0.9406
0.9394
0.941
0.9408
0.9394
0.9394
0.9412
0.9406
0.9412
0.9394
0.94
0.9404
0.9414
0.9404
0.94
0.941
0.9408
0.9408
0.9412
0.941
0.941
0.941
0.941
0.9408
0.9408
0.9408
0.942
0.9422
0.9404
0.9396
0.941
0.9422
0.9406
0.9432
0.9428
0.9426
0.9432
0.9432
0.9424
0.9398
0.9416
0.9418
0.9416
0.9418
0.9418
0.9414
0.9402
0.9406
0.9406
0.9402
0.9404
0.9404
0.941
0.941
0.94
0.9398
0.9396
0.9398
0.9396
0.9392
0.9402
0.9394
0.9394
0.9392
0.939
0.9386
0.9386
0.9386
0.9392
0.9404
0.9398
0.9396
0.9392
0.9392
0.9382
0.9388
0.9382
0.9382
0.938
0.9384
0.938
0.9378
0.9392
0.9392
0.9402
0.9394
0.9392
0.938
0.9392
0.9396
0.9402
0.9404
0.9402
0.9404
0.9424
0.9408
0.9418
0.9424
0.942
0.9412
0.943
0.9428
0.9416
0.942
0.9424
0.9416
0.9416
0.9416
0.9424
0.942
0.9418
0.9414
0.9414
0.9418
0.9418
0.9412
0.941
0.9406
0.9412
0.9416
0.9422
0.942
0.9422
0.9418
0.943
0.9416
0.9408
0.9414
0.9402
0.9414
0.9408
0.9404
0.9406
0.942
0.9408
0.9408
0.9406
0.9402
0.9408
0.9406
0.9408
0.94
0.939
0.938
0.9384
0.9384
0.939
0.9386
0.9384
0.9374
0.9398
0.9398
0.9386
0.9382
0.938
0.9378
0.9376
0.9382
0.939
0.9408
0.9402
0.9402
0.9404
0.94
0.9394
0.9396
0.9392
0.9398
0.9394
0.9402
0.9406
0.9406
0.9414
0.9412
0.941
0.9402
0.939
0.9402
0.9398
0.9396
0.9398
0.9404
0.9408
0.9402
0.9406
0.9414
0.942
0.9422
0.9408
0.9376
0.9376
0.9378
0.9378
0.9382
0.9384
0.9382
0.9386
0.9396
0.9394
0.9406
0.9404
0.939
0.9396
0.939
0.9398
0.9406
0.9408
0.9406
0.9396
0.9402
0.9396
0.9396
0.94
0.9408
0.9408
0.9392
0.94
0.9392
0.9394
0.9406
0.9404
0.941
0.9412
0.9408
0.94
0.9406
0.9408
0.94
0.9402
0.9412
0.9414
0.9408
0.9416
0.9408
0.9408
0.9404
0.9406
0.9398
0.9394
0.9388
0.9402
0.9406
0.9412
0.9412
0.9422
0.9426
0.9426
0.9424
0.9414
0.9404
0.9422
0.9412
0.9422
0.9422
0.942
0.9414
0.9406
0.9406
0.9404
0.9404
0.9398
0.9398
0.94
0.9398
0.9398
0.9404
0.94
0.9398
0.9404
0.9402
0.9394
0.9402
0.9406
0.9394
0.9398
0.9394
0.9394
0.939
0.938
0.9376
0.9386
0.9386
0.9402
0.94
0.9408
0.9402
0.9398
0.9418
0.942
0.9426
0.9418
0.942
0.9424
0.9434
0.942
0.9398
0.94
0.9402
0.9408
0.9408
0.9406
0.9408
0.9402
0.9406
0.9398
0.9404
0.9406
0.9408
0.9412
0.9406
0.9412
0.9424
0.942
0.9412
0.9406
0.9412
0.9406
0.9402
0.941
0.9408
0.9396
0.94
0.9402
0.94
0.94
0.9404
0.9402
0.9388
0.9384
0.939
0.9384
0.9394
0.9414
0.9422
0.9424
0.9424
0.9426
0.9416
0.9418
0.9412
0.941
0.941
0.9416
0.9416
0.9422
0.9422
0.9422
0.9416
0.9418
0.9404
0.9412
0.9418
0.9422
0.9422
0.9426
0.9428
0.9426
0.9432
0.9432
0.9434
0.9436
0.944
0.9442
0.9434
0.9434
0.9436
0.943
0.9432
0.9434
0.9438
0.943
0.9416
0.9416
0.9412
0.9416
0.9418
0.9414
0.9416
0.9412
0.942
0.942
0.9428
0.9412
0.94
0.9398
0.9396
0.9382
0.9374
0.938
0.9378
0.939
0.9394
0.9398
0.9404
0.9398
0.9392
0.9394
0.9388
0.9398
0.9388
0.939
0.9394
0.9396
0.94
0.9406
0.9392
0.9392
0.939
0.9394
0.939
0.9392
0.939
0.9388
0.9382
0.9386
0.939
0.9382
0.9382
0.9384
0.9394
0.939
0.9398
0.9392
0.9388
0.9384
0.9386
0.9376
0.9378
0.938
0.9382
0.9384
0.939
0.9394
0.9416
0.9408
0.9412
0.941
0.941
0.9406
0.9404
0.9404
0.9404
0.9406
0.9404
0.9416
0.941
0.941
0.9418
0.9416
0.9412
0.9414
0.9418
0.9412
0.9414
0.9424
0.9426
0.9426
0.9408
0.9402
0.94
0.94
0.9404
0.94
0.9404
0.9398
0.9394
0.9404
0.9404
0.9404
0.9408
0.9398
0.939
0.939
0.9388
0.9394
0.9382
0.939
0.939
0.94
0.9394
0.94
0.9394
0.9402
0.94
0.941
0.9404
0.9402
0.9396
0.9398
0.9402
0.9402
0.9404
0.9404
0.941
0.941
0.9404
0.9408
0.9416
0.941
0.9404
0.94
0.9412
0.9414
0.9416
0.9418
0.942
0.9412
0.941
0.9414
0.941
0.941
0.9402
0.9396
0.9394
0.9408
0.94
0.94
0.9396
0.9398
0.939
0.9398
0.9408
0.9402
0.9404
0.9406
0.9412
0.941
0.9406
0.9412
0.9402
0.94
0.9402
0.9404
0.9404
0.9402
0.941
0.942
0.9418
0.9424
0.9432
0.9438
0.943
0.942
0.9408
0.9412
0.9414
0.941
0.9416
0.9418
0.9412
0.9418
0.9414
0.9406
0.9418
0.941
0.9416
0.9424
0.9414
0.9416
0.9418
0.941
0.9418
0.942
0.9426
0.9432
0.9422
0.942
0.9422
0.9422
0.9422
0.9418
0.9418
0.9414
0.9416
0.943
0.9442
0.9414
0.9418
0.9416
0.941
0.941
0.9422
0.942
0.942
0.9424
0.9418
0.941
0.9426
0.9422
0.9422
0.9416
0.9418
0.9416
0.9422
0.943
0.9432
0.9432
0.9434
0.9428
0.9428
0.9428
0.9424
0.942
0.9422
0.941
0.941
0.9424
0.9418
0.9422
0.9418
0.943
0.9428
0.943
0.943
0.942
0.9418
0.9408
0.9408
0.9406
0.9416
0.9408
0.9408
0.9408
0.9402
0.9404
0.9404
0.94
0.9398
0.9406
0.9422
0.9418
0.9408
0.9408
0.94
0.9394
0.9416
0.9406
0.9422
0.9414
0.9418
0.942
0.9418
0.9424
0.943
0.9428
0.942
0.9432
0.9422
0.9424
0.9424
0.943
0.9414
0.942
0.9418
0.9416
0.9416
0.942
0.9412
0.9412
0.942
0.9426
0.9434
0.943
0.9432
0.9432
0.9434
0.943
0.9426
0.9424
0.942
0.9424
0.9426
0.9424
0.9418
0.9412
0.9414
0.943
0.9426
0.9426
0.9428
0.9424
0.9428
0.943
0.9434
0.943
0.943
0.9432
0.9434
0.9432
0.9432
0.9428
0.9438
0.9434
0.9432
0.9426
0.9436
0.9422
0.9416
0.9416
0.9424
0.9416
0.942
0.9422
0.9424
0.9416
0.9422
0.9414
0.9416
0.9416
0.9428
0.9436
0.9434
0.9426
0.9424
0.9422
0.942
0.9418
0.941
0.9418
0.9428
0.942
0.9428
0.9422
0.9428
0.943
0.9426
0.9426
0.9424
0.942
0.9428
0.9418
0.9418
0.942
0.9422
0.9424
0.942
0.9422
0.942
0.942
0.9424
0.9424
0.9422
0.943
0.942
0.9428
0.9428
0.942
0.9416
0.9416
0.9414
0.9418
0.9408
0.9414
0.9412
0.9408
0.94
0.9402
0.941
0.9412
0.94
0.9396
0.9406
0.94
0.9412
0.9398
0.9398
0.9406
0.9404
0.9404
0.9406
0.9414
0.9422
0.9424
0.9432
0.9446
0.9436
0.944
0.9446
0.9442
0.9444
0.9436
0.9444
0.944
0.9442
0.9442
0.9432
0.9432
0.9434
0.9442
0.944
0.9438
0.9432
0.9438
0.9446
0.9448
0.945
0.9452
0.9448
0.9442
0.9446
0.944
0.9444
0.9438
0.9438
0.9436
0.9442
0.9444
0.9446
0.9448
0.945
0.9452
0.945
0.9436
0.9444
0.9428
0.9434
0.942
0.9432
0.9428
0.9442
0.944
0.9438
0.9442
0.9432
0.944
0.944
0.9442
0.9442
0.943
0.9418
0.9422
0.9418
0.9426
0.9434
0.9424
0.9418
0.9412
0.9418
0.9414
0.9412
0.9412
0.9404
0.9404
0.9404
0.9406
0.9404
0.9404
0.9412
0.9404
0.9416
0.9408
0.9418
0.9424
0.9424
0.9422
0.9428
0.9438
0.9438
0.9444
0.944
0.9446
0.9434
0.9436
0.9412
0.9436
0.9438
0.9436
0.9434
0.9438
0.9442
0.944
0.944
0.9438
0.944
0.9432
0.9432
0.9428
0.9426
0.944
0.9436
0.9434
0.943
0.9438
0.9436
0.9438
0.9436
0.9428
0.9436
0.9436
0.9436
0.9432
0.9436
0.9434
0.943
0.9438
0.9428
0.9426
0.9422
0.9412
0.941
0.9414
0.941
0.9414
0.9412
0.9408
0.9416
0.9408
0.9414
0.9418
0.9422
0.9426
0.9428
0.9414
0.9414
0.9412
0.9418
0.9418
0.941
0.9414
0.941
0.9414
0.9408
0.9414
0.942
0.9422
0.9426
0.943
0.9424
0.9428
0.9426
0.9422
0.9418
0.9412
0.942
0.9422
0.9428
0.9418
0.9414
0.9412
0.9418
0.9406
0.9406
0.941
0.9414
0.942
0.9422
0.942
0.9422
0.9424
0.9418
0.9422
0.942
0.9418
0.9422
0.9424
0.9426
0.9426
0.9428
0.9428
0.9438
0.9432
0.943
0.944
0.9438
0.9436
0.9428
0.9422
0.942
0.9434
0.9446
0.9442
0.944
0.9452
0.9454
0.9454
0.9456
0.9446
0.9444
0.9444
0.9442
0.9444
0.944
0.944
0.9446
0.9444
0.9432
0.9448
0.944
0.945
0.9444
0.9444
0.9444
0.9444
0.9454
0.9454
0.9454
0.945
0.9456
0.9464
0.945
0.9454
0.9454
0.9438
0.9438
0.9438
0.9436
0.9442
0.944
0.9442
0.9446
0.9442
0.9442
0.9436
0.9438
0.943
0.944
0.9444
0.9436
0.943
0.9432
0.9436
0.944
0.9442
0.943
0.9432
0.9438
0.9438
0.9444
0.944
0.9452
0.9448
0.9448
0.9444
0.9442
0.944
0.9444
0.9444
0.9438
0.9446
0.944
0.944
0.9438
0.9446
0.944
0.9432
0.9428
0.9436
0.9428
0.9448
0.9438
0.9442
0.9448
0.944
0.945
0.946
0.9446
0.9454
0.946
0.9456
0.946
0.9456
0.9458
0.946
0.9452
0.945
0.9454
0.9452
0.946
0.9462
0.9458
0.9454
0.9446
0.9442
0.9446
0.9452
0.944
0.9446
0.9432
0.944
0.944
0.944
0.9434
0.944
0.9444
0.9448
0.9428
0.9438
0.9438
0.9456
0.9454
0.9452
0.9442
0.9454
0.9448
0.945
0.945
0.945
0.945
0.9464
0.945
0.9454
0.9456
0.9458
0.9438
0.9436
0.9434
0.9424
0.9438
0.944
0.9444
0.945
0.946
0.9462
0.946
0.9454
0.9454
0.9464
0.9462
0.9466
0.9464
0.9472
0.9466
0.9462
0.9464
0.9466
0.9458
0.946
0.9452
0.944
0.9438
0.944
0.9442
0.944
0.9436
0.944
0.9432
0.9438
0.9428
0.9428
0.9432
0.9424
0.9428
0.9438
0.9436
0.9436
0.9438
0.9436
0.9438
0.9446
0.9442
0.9436
0.9434
0.9434
0.9434
0.9454
0.9448
0.9446
0.9438
0.9424
0.943
0.9434
0.9434
0.9438
0.9436
0.9436
0.944
0.9432
0.942
0.9422
0.942
0.9438
0.9432
0.944
0.943
0.9442
0.9442
0.944
0.9432
0.942
0.9426
0.943
0.9432
0.9432
0.9436
0.944
0.944
0.9444
0.9432
0.9438
0.9436
0.9432
0.9432
0.9442
0.9444
0.9438
0.9438
0.9454
0.9454
0.9452
0.9458
0.9446
0.9444
0.9442
0.9446
0.9442
0.944
0.9438
0.944
0.9442
0.9446
0.9444
0.9442
0.9442
0.9436
0.9438
0.9442
0.9436
0.9436
0.9434
0.9434
0.9434
0.9432
0.9434
0.9432
0.9436
0.9436
0.944
0.9442
0.9444
0.9446
0.9438
0.9436
0.9436
0.9432
0.9434
0.9436
0.9442
0.9432
0.9434
0.9438
0.9436
0.9436
0.9432
0.9432
0.9426
0.943
0.943
0.9434
0.9428
0.9434
0.9434
0.9436
0.9442
0.9438
0.9442
0.9434
0.9434
0.9434
0.9434
0.9444
0.9452
0.9444
0.9444
0.9442
0.9442
0.9442
0.9436
0.9436
0.9436
0.9432
0.9438
0.9422
0.9444
0.9444
0.9438
0.944
0.9432
0.9422
0.9422
0.9418
0.9428
0.9434
0.9428
0.9434
0.9434
0.9434
0.9438
0.9446
0.9442
0.9434
0.9438
0.9436
0.9442
0.9448
0.945
0.9438
0.9432
0.9424
0.9428
0.9422
0.9428
0.943
0.9426
0.943
0.9432
0.9426
0.9432
0.9426
0.9436
0.9432
0.9436
0.9446
0.9444
0.9442
0.9436
0.9444
0.9444
0.9448
0.9448
0.945
0.9434
0.9428
0.9432
0.9434
0.9436
0.9428
0.9454
0.9442
0.9438
0.9434
0.9438
0.9444
0.9446
0.9442
0.9436
0.944
0.944
0.944
0.9446
0.9456
0.946
0.9466
0.9464
0.9452
0.9458
0.9456
0.9448
0.945
0.9448
0.9452
0.9444
0.9458
0.9454
0.9458
0.9462
0.9456
0.9456
0.946
0.946
0.9458
0.9454
0.9458
0.9454
0.9452
0.9448
0.9444
0.9444
0.945
0.9458
0.9462
0.9462
0.9464
0.9462
0.9462
0.9458
0.946
0.9458
0.9462
0.9456
0.9454
0.9462
0.9456
0.9456
0.9452
0.945
0.9456
0.946
0.9454
0.9456
0.9466
0.9466
0.9466
0.9462
0.9456
0.945
0.9446
0.9442
0.9432
0.9434
0.9438
0.9428
0.9438
0.9452
0.946
0.9456
0.9442
0.9452
0.9458
0.946
0.9456
0.9456
0.9446
0.944
0.9442
0.9444
0.9442
0.9446
0.9436
0.9444
0.9446
0.9434
0.9452
0.945
0.9448
0.9454
0.9448
0.945
0.9448
0.9446
0.944
0.9444
0.9452
0.9448
0.9452
0.9456
0.9458
0.9464
0.946
0.9466
0.9466
0.9462
0.9456
0.9458
0.9464
0.9462
0.946
0.9458
0.9456
0.9452
0.9448
0.946
0.9462
0.9454
0.9454
0.9456
0.9462
0.9462
0.9454
0.945
0.945
0.9454
0.9454
0.9442
0.943
0.943
0.9428
0.9432
0.9428
0.9434
0.9428
0.9428
0.9436
0.9436
0.9436
0.9434
0.9436
0.9442
0.9446
0.9438
0.9436
0.9436
0.9444
0.945
0.945
0.9446
0.9448
0.9438
0.9442
0.9448
0.9456
0.945
0.945
0.9448
0.9448
0.9456
0.945
0.9446
0.9448
0.9444
0.9446
0.946
0.9448
0.9444
0.9462
0.9458
0.9468
0.9458
0.9454
0.9452
0.9456
0.9456
0.9456
0.945
0.946
0.945
0.946
0.9454
0.946
0.9466
0.9456
0.9462
0.9454
0.945
0.9458
0.9466
0.9446
0.9444
0.9444
0.9434
0.9438
0.942
0.9432
0.9432
0.9432
0.9448
0.9444
0.9444
0.9438
0.9436
0.9446
0.9452
0.9444
0.9454
0.9454
0.9454
0.945
0.945
0.946
0.9456
0.945
0.9454
0.9454
0.9456
0.9448
0.945
0.945
0.9458
0.944
0.9458
0.9444
0.945
0.946
0.9456
0.9452
0.9446
0.9448
0.946
0.946
0.9456
0.9462
0.9458
0.945
0.9456
0.9454
0.9448
0.9452
0.9462
0.9458
0.947
0.9466
0.9464
0.9456
0.945
0.9452
0.9456
0.9452
0.9456
0.9466
0.9466
0.9454
0.9452
0.9452
0.9454
0.9458
0.9456
0.9446
0.9448
0.9444
0.9442
0.9444
0.9444
0.9454
0.9452
0.9458
0.9458
0.945
0.9444
0.945
0.9454
0.945
0.9452
0.9442
0.9448
0.9454
0.9452
0.944
0.9442
0.944
0.944
0.9436
0.9434
0.9442
0.9438
0.9438
0.9438
0.9434
0.9432
0.9432
0.9428
0.9452
0.9448
0.9438
0.9448
0.9436
0.9436
0.9426
0.9432
0.9434
0.9434
0.9436
0.9438
0.9438
0.9434
0.9436
0.9436
0.9436
0.9438
0.944
0.9432
0.9434
0.944
0.943
0.9434
0.9428
0.9446
0.9454
0.9458
0.9462
0.9462
0.946
0.9454
0.9456
0.9454
0.9452
0.9458
0.9456
0.9456
0.9458
0.9462
0.9456
0.9464
0.9464
0.9466
0.9462
0.9462
0.946
0.9454
0.9454
0.9454
0.9448
0.9454
0.9454
0.9448
0.9446
0.9448
0.9448
0.945
0.9456
0.9456
0.9456
0.9458
0.9454
0.9452
0.945
0.9446
0.9456
0.9456
0.9456
0.9456
0.9458
0.946
0.9456
0.9458
0.9456
0.9468
0.9466
0.9468
0.9472
0.9456
0.9454
0.9458
0.9448
0.9452
0.9452
0.9452
0.9458
0.9454
0.9448
0.9444
0.9446
0.9444
0.944
0.9438
0.9444
0.9446
0.946
0.9462
0.9456
0.9466
0.9468
0.9464
0.9454
0.9458
0.9462
0.9458
0.946
0.9448
0.9442
0.945
0.9462
0.946
0.9456
0.9458
0.9456
0.9452
0.945
0.9448
0.945
0.9448
0.9452
0.9446
0.9444
0.945
0.9468
0.9454
0.9456
0.9452
0.9446
0.945
0.945
0.9452
0.9458
0.9458
0.9458
0.9466
0.9458
0.9452
0.9458
0.9466
0.9466
0.9466
0.946
0.946
0.9462
0.9466
0.9458
0.9456
0.9462
0.9462
0.9462
0.9458
0.946
0.946
0.9462
0.9466
0.946
0.9462
0.9454
0.9462
0.947
0.9466
0.9466
0.947
0.9464
0.9456
0.9472
0.947
0.9476
0.947
0.9472
0.948
0.9478
0.9476
0.9472
0.9468
0.9464
0.9466
0.9466
0.947
0.947
0.947
0.9468
0.9466
0.9468
0.9446
0.945
0.9452
0.9444
0.9458
0.946
0.9468
0.9448
0.946
0.9448
0.9458
0.9452
0.9464
0.945
0.945
0.945
0.9452
0.9446
0.9444
0.9438
0.9446
0.9444
0.945
0.945
0.9462
0.9458
0.947
0.9468
0.9466
0.947
0.947
0.9462
0.9458
0.9464
0.946
0.946
0.9462
0.9462
0.9462
0.947
0.9468
0.9472
0.9468
0.9466
0.9466
0.9472
0.9468
0.9466
0.9464
0.9474
0.9466
0.947
0.947
0.9474
0.9468
0.9468
0.9466
0.9468
0.9466
0.947
0.9468
0.9464
0.9462
0.9464
0.9462
0.9454
0.9468
0.9462
0.9462
0.945
0.9464
0.9472
0.947
0.9464
0.947
0.9462
0.9464
0.9468
0.9468
0.9468
0.947
0.9468
0.9462
0.9464
0.946
0.9458
0.9454
0.9456
0.946
0.9454
0.9452
0.9442
0.9446
0.944
0.9444
0.9446
0.9448
0.9452
0.945
0.9458
0.9454
0.9458
0.945
0.9454
0.9448
0.9448
0.945
0.9454
0.9454
0.9472
0.946
0.9464
0.9466
0.946
0.9462
0.9462
0.9456
0.9462
0.9468
0.9464
0.9464
0.9472
0.947
0.947
0.9464
0.9454
0.9462
0.946
0.9452
0.945
0.9446
0.9448
0.945
0.9444
0.9456
0.9446
0.9448
0.9448
0.9456
0.9454
0.9452
0.9452
0.945
0.9458
0.9452
0.9456
0.946
0.9464
0.9466
0.9462
0.9456
0.9456
0.946
0.9458
0.9468
0.9464
0.9466
0.9462
0.9462
0.9458
0.9454
0.9462
0.9456
0.9466
0.947
0.9466
0.9462
0.9472
0.9472
0.9472
0.9472
0.9464
0.9474
0.9468
0.9462
0.9466
0.9464
0.9462
0.9458
0.946
0.9458
0.9454
0.9454
0.946
0.9462
0.9462
0.9462
0.9454
0.9466
0.9466
0.947
0.9458
0.9458
0.9454
0.9452
0.9456
0.9462
0.9462
0.9462
0.9462
0.9462
0.9456
0.9454
0.9456
0.9454
0.946
0.946
0.9466
0.9466
0.9466
0.9466
0.9462
0.9464
0.9458
0.9466
0.9466
0.9466
0.947
0.947
0.9466
0.9454
0.9456
0.9454
0.9448
0.9454
0.9452
0.9456
0.9464
0.9464
0.9458
0.9454
0.9454
0.9464
0.945
0.9452
0.9452
0.9452
0.9456
0.9454
0.9458
0.9462
0.9464
0.9464
0.9452
0.9454
0.9456
0.947
0.9468
0.9468
0.9468
0.9458
0.9458
0.9452
0.9452
0.9454
0.9458
0.9458
0.9466
0.9468
0.947
0.9466
0.9464
0.9466
0.9462
0.9464
0.9472
0.9466
0.9462
0.9466
0.9458
0.946
0.9464
0.9468
0.9472
0.947
0.9468
0.9468
0.9468
0.9464
0.946
0.9464
0.946
0.9458
0.9458
0.9458
0.9458
0.9466
0.9464
0.9466
0.947
0.9474
0.9474
0.9474
0.9472
0.9472
0.9474
0.947
0.9464
0.9466
0.9464
0.9472
0.947
0.9476
0.9472
0.947
0.9468
0.9472
0.947
0.9474
0.9474
0.9476
0.9474
0.9478
0.9476
0.9478
0.9464
0.9462
0.9466
0.946
0.9454
0.9454
0.946
0.946
0.9452
0.9456
0.9458
0.9466
0.947
0.947
0.946
0.9458
0.946
0.9464
0.9464
0.9466
0.9466
0.9468
0.9468
0.946
0.946
0.9462
0.9464
0.946
0.9458
0.9452
0.9454
0.9456
0.9456
0.9454
0.945
0.945
0.9446
0.9444
0.9446
0.9444
0.945
0.9458
0.946
0.9462
0.9472
0.946
0.9466
0.947
0.9468
0.9458
0.9466
0.9462
0.9468
0.9472
0.9474
0.9468
0.9468
0.9464
0.9464
0.9462
0.945
0.9446
0.945
0.9456
0.9454
0.9452
0.9454
0.9458
0.9454
0.9466
0.9466
0.9464
0.9462
0.946
0.9458
0.946
0.946
0.9458
0.9456
0.9458
0.9456
0.9458
0.9458
0.946
0.9456
0.9446
0.9446
0.9446
0.9446
0.9448
0.9448
0.9458
0.9452
0.9458
0.9462
0.946
0.946
0.946
0.9458
0.9454
0.9458
0.9462
0.946
0.9458
0.9464
0.946
0.9456
0.9462
0.9458
0.946
0.9456
0.9468
0.9472
0.946
0.9462
0.9458
0.9478
0.9476
0.9478
0.9478
0.9478
0.9476
0.9478
0.947
0.9478
0.9484
0.948
0.9472
0.9476
0.9482
0.948
0.9478
0.9478
0.9486
0.9476
0.9472
0.9468
0.9462
0.946
0.946
0.9472
0.9474
0.9466
0.9468
0.9458
0.9452
0.9456
0.9448
0.9458
0.9456
0.9456
0.945
0.945
0.945
0.9452
0.9454
0.9448
0.944
0.9446
0.9452
0.9464
0.9466
0.9488
0.9478
0.9472
0.9476
0.9482
0.9478
0.9482
0.9478
0.9484
0.949
0.9478
0.949
0.9494
0.9488
0.9484
0.9486
0.948
0.948
0.947
0.9476
0.9482
0.9466
0.9466
0.947
0.9474
0.9472
0.9476
0.9488
0.949
0.9488
0.9486
0.948
0.9484
0.9478
0.9484
0.949
0.9484
0.9482
0.9488
0.9482
0.949
0.9482
0.9478
0.9478
0.948
0.9478
0.948
0.948
0.948
0.9486
0.95
0.9498
0.9496
0.9486
0.9492
0.9492
0.9484
0.9486
0.949
0.949
0.949
0.9488
0.9476
0.9472
0.9468
0.9468
0.9462
0.9458
0.946
0.9466
0.9474
0.9474
0.947
0.9476
0.947
0.947
0.9468
0.9486
0.9484
0.9482
0.9476
0.9486
0.9492
0.9484
0.9474
0.9464
0.9472
0.9472
0.9476
0.9468
0.9462
0.9464
0.9468
0.9472
0.946
0.9466
0.9468
0.9468
0.947
0.9468
0.9462
0.947
0.9472
0.9472
0.9464
0.948
0.9484
0.9474
0.9478
0.9484
0.9482
0.9482
0.9472
0.947
0.9472
0.9468
0.9468
0.947
0.9458
0.9458
0.9464
0.9464
0.9472
0.9472
0.9478
0.9474
0.9462
0.9472
0.9486
0.9482
0.9478
0.9482
0.948
0.9484
0.949
0.9484
0.9486
0.9484
0.9494
0.9492
0.9486
0.9492
0.9496
0.9494
0.9496
0.9494
0.9496
0.9488
0.9484
0.9482
0.9484
0.949
0.948
0.9484
0.9486
0.9484
0.9486
0.9482
0.9486
0.9486
0.949
0.9484
0.9484
0.9484
0.948
0.9482
0.9488
0.9474
0.9474
0.948
0.9478
0.9478
0.948
0.9486
0.9486
0.9482
0.9478
0.9472
0.9486
0.9484
0.948
0.9482
0.9478
0.9474
0.948
0.9474
0.948
0.9478
0.9476
0.9478
0.9476
0.9474
0.948
0.9472
0.9486
0.9484
0.9484
0.9492
0.9488
0.9494
0.949
0.9484
0.9486
0.9484
0.9484
0.948
0.9478
0.9482
0.9494
0.948
0.9484
0.9482
0.9476
0.9482
0.9482
0.9482
0.9478
0.9488
0.9482
0.9476
0.948
0.948
0.948
0.9488
0.9484
0.948
0.948
0.9484
0.9484
0.949
0.9486
0.9484
0.948
0.949
0.9478
0.9484
0.949
0.9482
0.9482
0.9486
0.9484
0.9488
0.9482
0.949
0.9482
0.9482
0.947
0.947
0.9466
0.9464
0.9462
0.9464
0.9466
0.9466
0.9464
0.9468
0.947
0.947
0.947
0.9468
0.9466
0.9474
0.9476
0.9474
0.9476
0.948
0.9474
0.9474
0.947
0.9474
0.9478
0.9472
0.9476
0.9484
0.9482
0.9484
0.948
0.9482
0.9478
0.9476
0.9474
0.9478
0.9478
0.9474
0.9478
0.9474
0.9478
0.9484
0.9468
0.9468
0.9478
0.9474
0.9474
0.9472
0.9476
0.9478
0.9478
0.9474
0.947
0.9474
0.9474
0.9472
0.9472
0.9468
0.9464
0.946
0.9468
0.9466
0.9468
0.9478
0.9472
0.9486
0.9486
0.949
0.9478
0.9478
0.9484
0.9484
0.948
0.9482
0.9484
0.9482
0.948
0.948
0.9482
0.9484
0.9482
0.9486
0.9488
0.9484
0.9494
0.9492
0.9484
0.9486
0.9494
0.95
0.9496
0.9496
0.95
0.9492
0.9494
0.949
0.9492
0.95
0.9492
0.9498
0.949
0.9496
0.949
0.9492
0.9492
0.9488
0.9494
0.949
0.9492
0.9494
0.9476
0.9478
0.9468
0.9466
0.9468
0.9484
0.9482
0.9476
0.9474
0.9472
0.9474
0.9476
0.9478
0.9464
0.947
0.947
0.9472
0.9466
0.947
0.9458
0.9482
0.9474
0.9462
0.9464
0.9466
0.9468
0.946
0.9464
0.9462
0.9472
0.9464
0.947
0.9466
0.9468
0.9468
0.9462
0.9468
0.9464
0.948
0.9468
0.9464
0.947
0.9472
0.9482
0.9482
0.9472
0.9492
0.9498
0.9492
0.9502
0.9492
0.9498
0.95
0.9494
0.9496
0.95
0.949
0.9488
0.9486
0.9494
0.9492
0.9492
0.9498
0.9498
0.9492
0.948
0.947
0.948
0.9486
0.9488
0.9484
0.9488
0.9488
0.95
0.9486
0.9496
0.949
0.9484
0.949
0.9498
0.949
0.9496
0.9492
0.9494
0.9486
0.9476
0.9482
0.9468
0.948
0.9488
0.9486
0.949
0.9484
0.9482
0.9492
0.948
0.9488
0.949
0.9494
0.949
0.9484
0.949
0.9488
0.9486
0.9486
0.949
0.948
0.9484
0.9486
0.949
0.9492
0.949
0.95
0.9492
0.9492
0.9488
0.9492
0.949
0.9496
0.9484
0.9488
0.9488
0.9486
0.9492
0.9492
0.9478
0.9484
0.9474
0.9486
0.9486
0.9484
0.9468
0.9474
0.9484
0.9476
0.9486
0.9478
0.9486
0.9486
0.9486
0.948
0.9468
0.9466
0.9468
0.9472
0.947
0.9472
0.9472
0.9484
0.9488
0.9486
0.9474
0.9482
0.9472
0.947
0.9476
0.948
0.9486
0.948
0.948
0.9488
0.948
0.9478
0.9482
0.948
0.948
0.949
0.9492
0.9488
0.9494
0.9494
0.9498
0.9494
0.9498
0.9496
0.9484
0.9484
0.949
0.9496
0.9494
0.9496
0.9498
0.9498
0.9492
0.9492
0.9484
0.9484
0.9488
0.9488
0.9488
0.9486
0.949
0.9488
0.949
0.9496
0.9496
0.9492
0.9494
0.9486
0.9484
0.9482
0.9492
0.9496
0.9488
0.9488
0.948
0.9486
0.949
0.949
0.9494
0.9492
0.949
0.9488
0.9482
0.948
0.9496
0.9488
0.9486
0.949
0.949
0.9474
0.946
0.9462
0.9456
0.9472
0.9468
0.9472
0.9468
0.9472
0.9476
0.9468
0.947
0.9466
0.9462
0.9464
0.9464
0.947
0.9464
0.9468
0.947
0.9472
0.948
0.948
0.9474
0.9476
0.947
0.9472
0.9472
0.9472
0.9478
0.9476
0.9488
0.9488
0.9484
0.9476
0.9476
0.9472
0.9472
0.9474
0.9472
0.9464
0.9466
0.9474
0.9476
0.9478
0.948
0.9484
0.948
0.9488
0.948
0.9482
0.9484
0.9486
0.9488
0.9482
0.9482
0.9482
0.9482
0.9484
0.9486
0.9486
0.9476
0.9474
0.9478
0.9478
0.9474
0.9486
0.949
0.9486
0.9488
0.9488
0.9486
0.9484
0.9486
0.948
0.9486
0.9488
0.9482
0.9494
0.9482
0.9486
0.9484
0.9484
0.9484
0.9484
0.9488
0.9496
0.9494
0.9498
0.95
0.95
0.9498
0.9492
0.9494
0.9494
0.9494
0.9478
0.9484
0.9488
0.9488
0.9484
0.9486
0.9486
0.9486
0.9484
0.9482
0.9488
0.9486
0.9486
0.9484
0.9484
0.9482
0.9484
0.9484
0.9486
0.948
0.9484
0.9486
0.948
0.948
0.948
0.9488
0.9474
0.947
0.948
0.9486
0.9486
0.9472
0.9472
0.9482
0.9474
0.948
0.9478
0.9478
0.9474
0.948
0.9478
0.9482
0.9482
0.9484
0.9474
0.9474
0.948
0.948
0.9488
0.9486
0.9488
0.9484
0.948
0.9486
0.949
0.949
0.9486
0.948
0.9488
0.9482
0.9484
0.9486
0.948
0.9476
0.9478
0.948
0.948
0.948
0.9478
0.9478
0.948
0.9478
0.9474
0.947
0.9476
0.948
0.948
0.9484
0.9484
0.9484
0.9472
0.947
0.9474
0.947
0.9476
0.9484
0.9486
0.9482
0.9476
0.9476
0.9476
0.9476
0.9472
0.948
0.949
0.9478
0.9484
0.9486
0.9486
0.9482
0.9486
0.949
0.9486
0.948
0.9478
0.9478
0.9472
0.9466
0.9474
0.9478
0.9468
0.9478
0.9474
0.9472
0.9482
0.9484
0.949
0.9486
0.9484
0.9488
0.9492
0.9486
0.9492
0.9482
0.9486
0.9488
0.9492
0.9492
0.9494
0.9492
0.9488
0.9486
0.9478
0.9476
0.9482
0.948
0.9484
0.9486
0.9488
0.9486
0.948
0.9486
0.9482
0.9482
0.9474
0.948
0.9486
0.9486
0.9478
0.9482
0.9486
0.9486
0.949
0.9484
0.9478
0.9484
0.9482
0.9488
0.9488
0.9494
0.9486
0.949
0.949
0.9482
0.9486
0.9494
0.95
0.9492
0.9488
0.9492
0.9496
0.9486
0.9486
0.9496
0.9494
0.9496
0.9498
0.9494
0.9492
0.9488
0.9504
0.9496
0.951
0.95
0.9496
0.9494
0.9494
0.9496
0.9486
0.9486
0.9486
0.948
0.949
0.949
0.9486
0.9486
0.9504
0.9498
0.9498
0.9502
0.9498
0.9498
0.9492
0.9506
0.9508
0.9508
0.9502
0.9516
0.9504
0.9506
0.9504
0.95
0.95
0.9502
0.9506
0.9508
0.9512
0.9512
0.95
0.95
0.9502
0.9494
0.9494
0.95
0.9488
0.9492
0.9492
0.9494
0.9488
0.948
0.9484
0.949
0.9494
0.9496
0.949
0.9496
0.9504
0.9508
0.9508
0.9508
0.9512
0.9502
0.9504
0.9506
0.9504
0.9502
0.9508
0.951
0.95
0.9512
0.9522
0.9514
0.9512
0.9518
0.951
0.951
0.9514
0.9508
0.9506
0.9498
0.9502
0.9496
0.9494
0.949
0.9496
0.9504
0.9502
0.9502
0.9492
0.9496
0.9502
0.9502
0.9502
0.9496
0.9498
0.9494
0.9506
0.9502
0.9502
0.9504
0.95
0.9506
0.951
0.9498
0.949
0.9492
0.9494
0.9492
0.949
0.9492
0.9494
0.9492
0.95
0.9494
0.9502
0.9498
0.9498
0.9502
0.9498
0.9496
0.9492
0.9494
0.9494
0.949
0.9488
0.9492
0.9492
0.9496
0.9492
0.9506
0.95
0.9502
0.95
0.95
0.95
0.9498
0.9496
0.9492
0.9494
0.9506
0.9504
0.9502
0.9492
0.9488
0.9496
0.9496
0.9498
0.9498
0.9494
0.949
0.9488
0.9486
0.9484
0.948
0.9482
0.948
0.9478
0.948
0.9488
0.9482
0.9482
0.9488
0.9482
0.9482
0.9488
0.9486
0.9494
0.9494
0.949
0.9496
0.9492
0.9496
0.9496
0.95
0.9496
0.9488
0.9484
0.95
0.9496
0.949
0.9488
0.949
0.9494
0.9496
0.949
0.9492
0.9498
0.9492
0.9494
0.9494
0.9488
0.9494
0.9498
0.9496
0.9498
0.9492
0.9498
0.9508
0.9504
0.9502
0.9502
0.95
0.9498
0.95
0.9502
0.9502
0.95
0.9486
0.9488
0.9482
0.9488
0.9482
0.9482
0.9486
0.948
0.9486
0.949
0.9482
0.9486
0.9494
0.9496
0.9496
0.95
0.95
0.9498
0.951
0.9504
0.9508
0.9506
0.9502
0.95
0.9492
0.9492
0.9498
0.949
0.9494
0.948
0.9478
0.9478
0.948
0.9472
0.949
0.9482
0.9476
0.9474
0.9476
0.9476
0.948
0.9472
0.9474
0.9482
0.9484
0.9482
0.9476
0.9486
0.9496
0.9498
0.9498
0.9494
0.9488
0.949
0.949
0.9494
0.9486
0.9488
0.9498
0.9496
0.9498
