0.1062
0.104
0.11
0.1036
0.1078
0.1122
0.112
0.1124
0.1102
0.1022
0.1138
0.1208
0.1202
0.1258
0.1304
0.143
0.1432
0.143
0.1394
0.1324
0.1356
0.1286
0.1346
0.1474
0.1526
0.157
0.1572
0.1606
0.1616
0.1566
0.1616
0.1616
0.1572
0.1584
0.1612
0.1612
0.1522
0.1482
0.1442
0.1334
0.1304
0.1208
0.1202
0.1158
0.1224
0.1232
0.1204
0.1226
0.1216
0.1218
0.1276
0.125
0.1222
0.125
0.1284
0.1274
0.1236
0.1178
0.1144
0.1176
0.1144
0.1082
0.101
0.1054
0.1016
0.1022
0.0986
0.1008
0.105
0.102
0.1002
0.0978
0.108
0.11
0.1206
0.127
0.1466
0.1462
0.1268
0.1326
0.1246
0.1262
0.1088
0.1126
0.1088
0.1126
0.119
0.1138
0.114
0.115
0.108
0.109
0.0978
0.0976
0.0962
0.0964
0.0968
0.0982
0.1024
0.0998
0.0988
0.0984
0.1042
0.1122
0.1034
0.099
0.1034
0.1072
0.1102
0.1086
0.1098
0.1064
0.1094
0.112
0.1132
0.1008
0.1048
0.0972
0.0992
0.1004
0.1068
0.1102
0.118
0.127
0.1184
0.1114
0.1148
0.1148
0.1166
0.111
0.1092
0.1232
0.114
0.1188
0.1194
0.1216
0.1374
0.1382
0.128
0.134
0.1422
0.1492
0.1446
0.149
0.155
0.1646
0.172
0.172
0.1702
0.1674
0.1684
0.168
0.1702
0.1684
0.1622
0.1648
0.1866
0.208
0.216
0.2184
0.2078
0.2104
0.2128
0.2004
0.193
0.1926
0.1998
0.2134
0.1978
0.199
0.1974
0.212
0.2242
0.2152
0.209
0.2
0.2072
0.2176
0.2254
0.2138
0.2174
0.2238
0.2238
0.2336
0.2322
0.2378
0.2452
0.2552
0.261
0.2708
0.2734
0.2698
0.2674
0.278
0.2848
0.2992
0.3042
0.3106
0.2972
0.292
0.2902
0.3002
0.309
0.313
0.3206
0.3178
0.335
0.3364
0.3414
0.34
0.3322
0.3278
0.3286
0.3256
0.3276
0.3304
0.3226
0.3274
0.3254
0.3256
0.3264
0.3244
0.3258
0.32
0.3126
0.3188
0.3302
0.3298
0.33
0.3282
0.3258
0.3296
0.3164
0.305
0.317
0.3254
0.3136
0.3142
0.3288
0.3226
0.32
0.3252
0.3368
0.3452
0.3616
0.3652
0.3614
0.3624
0.3608
0.3702
0.362
0.3598
0.3686
0.3612
0.3552
0.354
0.3632
0.3676
0.363
0.3688
0.3708
0.3738
0.3716
0.3812
0.3904
0.3972
0.4018
0.3952
0.3944
0.407
0.4226
0.423
0.4316
0.4254
0.43
0.4294
0.4282
0.398
0.4036
0.395
0.4008
0.3912
0.3804
0.3722
0.3696
0.366
0.3758
0.3528
0.3556
0.3624
0.3568
0.3396
0.3302
0.3364
0.3164
0.3144
0.2934
0.2982
0.3004
0.2894
0.2976
0.2904
0.2696
0.261
0.255
0.2536
0.2584
0.2416
0.2536
0.2446
0.2488
0.2614
0.2592
0.2272
0.2228
0.232
0.2406
0.256
0.2562
0.2464
0.2438
0.2328
0.2306
0.2398
0.248
0.2588
0.2574
0.2554
0.2406
0.258
0.263
0.272
0.2738
0.2844
0.2946
0.287
0.302
0.3186
0.3318
0.3264
0.3284
0.3562
0.3738
0.38
0.382
0.3706
0.373
0.3698
0.3598
0.3736
0.3792
0.3846
0.3902
0.3832
0.3814
0.3512
0.3358
0.3642
0.3628
0.3798
0.3818
0.4068
0.4018
0.3888
0.4266
0.4472
0.4442
0.4536
0.4596
0.4718
0.483
0.4882
0.4844
0.4922
0.4874
0.485
0.4996
0.5026
0.5142
0.5184
0.5162
0.5058
0.5352
0.559
0.5732
0.5836
0.5912
0.5884
0.5854
0.5798
0.592
0.5936
0.5962
0.5942
0.5852
0.5874
0.588
0.5902
0.5938
0.596
0.5916
0.589
0.5866
0.5892
0.593
0.5974
0.5992
0.5848
0.5806
0.5814
0.5748
0.5854
0.5754
0.568
0.5698
0.5756
0.5868
0.5988
0.5984
0.5884
0.5786
0.5874
0.5754
0.5828
0.593
0.5922
0.587
0.5972
0.5898
0.5866
0.5912
0.5748
0.5784
0.5768
0.5676
0.5694
0.5608
0.5484
0.5756
0.5644
0.5538
0.5664
0.567
0.5688
0.571
0.5662
0.568
0.5424
0.5298
0.537
0.5338
0.543
0.5478
0.5478
0.554
0.5334
0.517
0.5296
0.5164
0.5122
0.512
0.5278
0.5222
0.5496
0.5358
0.5478
0.54
0.4922
0.5136
0.5362
0.5304
0.5174
0.5218
0.5274
0.5324
0.556
0.5246
0.5296
0.5226
0.5382
0.5544
0.5642
0.568
0.577
0.5514
0.5506
0.5626
0.575
0.5902
0.5796
0.583
0.5886
0.5926
0.611
0.6112
0.611
0.6184
0.604
0.6156
0.6178
0.629
0.6116
0.5966
0.6168
0.6196
0.6334
0.6136
0.6258
0.637
0.6414
0.6626
0.651
0.648
0.634
0.6384
0.6594
0.6752
0.6826
0.6516
0.658
0.658
0.6692
0.685
0.6758
0.6734
0.6772
0.6682
0.6728
0.6774
0.6806
0.696
0.7028
0.6448
0.6908
0.695
0.6934
0.711
0.6894
0.7232
0.714
0.7
0.7134
0.716
0.7104
0.7016
0.6924
0.6818
0.7028
0.7288
0.7232
0.7152
0.6746
0.6896
0.6794
0.7424
0.7424
0.731
0.7214
0.7246
0.7364
0.7254
0.7378
0.7498
0.7294
0.7256
0.7284
0.7284
0.7286
0.737
0.7324
0.7308
0.71
0.7374
0.747
0.7506
0.7504
0.742
0.731
0.7156
0.7458
0.7444
0.748
0.7558
0.7442
0.7146
0.729
0.7478
0.757
0.7598
0.7194
0.7606
0.7618
0.752
0.7364
0.7392
0.7412
0.7614
0.7464
0.7484
0.7548
0.7468
0.7612
0.7616
0.7668
0.7814
0.7834
0.7732
0.7692
0.7674
0.7754
0.7662
0.7414
0.7466
0.7642
0.7572
0.7726
0.7714
0.7628
0.7784
0.7714
0.7608
0.7728
0.7902
0.7726
0.7926
0.7822
0.7936
0.79
0.7712
0.7982
0.792
0.7854
0.7946
0.7604
0.7676
0.7796
0.7804
0.7828
0.8022
0.7832
0.802
0.7806
0.7762
0.788
0.7942
0.8068
0.7934
0.8026
0.8
0.7996
0.789
0.7842
0.789
0.8066
0.8076
0.8094
0.7914
0.7892
0.7672
0.7628
0.7776
0.788
0.7824
0.8052
0.8136
0.8084
0.7988
0.7936
0.796
0.7496
0.7966
0.8052
0.7938
0.7972
0.8138
0.8062
0.7906
0.816
0.8006
0.7864
0.8078
0.8068
0.8132
0.8164
0.8138
0.8064
0.8226
0.791
0.7878
0.7334
0.8164
0.8312
0.8026
0.8278
0.8134
0.7856
0.8142
0.827
0.83
0.8072
0.827
0.8178
0.8222
0.7968
0.8178
0.8068
0.8174
0.8142
0.8212
0.8308
0.8308
0.8462
0.8394
0.8234
0.8158
0.8274
0.8204
0.8362
0.8226
0.839
0.83
0.8322
0.8408
0.8448
0.8254
0.8402
0.8264
0.8178
0.842
0.8324
0.8258
0.8324
0.8336
0.8426
0.8378
0.8232
0.8452
0.8484
0.8412
0.848
0.8482
0.8464
0.834
0.829
0.8352
0.8226
0.8264
0.8152
0.8366
0.8512
0.8382
0.7906
0.8036
0.8464
0.8512
0.8574
0.847
0.834
0.838
0.8294
0.8112
0.849
0.8338
0.8474
0.843
0.8204
0.8538
0.8524
0.837
0.8408
0.8498
0.8324
0.847
0.8528
0.8546
0.8604
0.8622
0.8514
0.824
0.826
0.8412
0.8306
0.853
0.865
0.855
0.8524
0.8542
0.8392
0.8592
0.8574
0.865
0.8568
0.8448
0.8578
0.8508
0.8312
0.8584
0.8488
0.848
0.8394
0.857
0.8614
0.8554
0.8634
0.8344
0.8544
0.8642
0.8632
0.864
0.8486
0.85
0.858
0.8576
0.8296
0.838
0.8154
0.8284
0.84
0.83
0.8594
0.8692
0.8688
0.8636
0.8688
0.8542
0.8544
0.8054
0.858
0.8112
0.8314
0.8578
0.8544
0.8466
0.8438
0.857
0.8448
0.84
0.8422
0.8394
0.859
0.865
0.8502
0.8488
0.8556
0.8598
0.839
0.8482
0.8674
0.859
0.846
0.872
0.8646
0.8434
0.8298
0.8656
0.8584
0.856
0.8486
0.8428
0.8716
0.816
0.826
0.8492
0.8772
0.8704
0.8644
0.8374
0.848
0.8692
0.8592
0.878
0.876
0.8558
0.8716
0.874
0.8794
0.8698
0.8772
0.84
0.8678
0.8728
0.8752
0.869
0.8598
0.858
0.8652
0.8748
0.8744
0.8686
0.8798
0.8654
0.884
0.8802
0.8806
0.852
0.8712
0.8724
0.8746
0.874
0.8776
0.879
0.8756
0.8744
0.8672
0.8592
0.8586
0.8634
0.8644
0.8624
0.8518
0.8646
0.8622
0.86
0.882
0.8836
0.8774
0.8754
0.8684
0.8818
0.8762
0.8558
0.8756
0.8682
0.8808
0.8736
0.8416
0.8514
0.8592
0.8842
0.8776
0.8866
0.8836
0.8898
0.8876
0.8468
0.869
0.8816
0.8838
0.8672
0.8842
0.8764
0.8898
0.8876
0.8874
0.885
0.8886
0.87
0.8898
0.8852
0.8754
0.8778
0.8748
0.881
0.8776
0.8938
0.8786
0.8764
0.8724
0.8786
0.8746
0.8652
0.8892
0.8652
0.878
0.8702
0.8804
0.87
0.8876
0.8948
0.891
0.8254
0.8784
0.821
0.8526
0.8468
0.8596
0.8794
0.8854
0.879
0.8774
0.8802
0.8818
0.8672
0.8772
0.8842
0.8912
0.8928
0.892
0.8936
0.8808
0.8836
0.8634
0.864
0.8572
0.88
0.8816
0.8758
0.875
0.85
0.8272
0.875
0.8894
0.8768
0.8714
0.8738
0.8814
0.8848
0.8958
0.8906
0.8898
0.8838
0.8908
0.893
0.893
0.8816
0.887
0.8936
0.8848
0.8892
0.8958
0.8874
0.891
0.8906
0.8962
0.8904
0.8968
0.894
0.8936
0.8844
0.9032
0.903
0.8956
0.8802
0.9038
0.9026
0.8888
0.8964
0.9
0.9022
0.8868
0.89
0.9042
0.8928
0.897
0.8976
0.9018
0.894
0.8898
0.9
0.9038
0.8922
0.893
0.8938
0.8712
0.8944
0.9
0.8952
0.8942
0.8682
0.8996
0.8982
0.8908
0.8812
0.8904
0.9042
0.8726
0.8548
0.885
0.894
0.879
0.8738
0.874
0.8816
0.8918
0.9012
0.8842
0.8808
0.8986
0.9046
0.9042
0.8956
0.8934
0.8948
0.8944
0.8928
0.894
0.8916
0.8956
0.904
0.9032
0.9014
0.8914
0.8874
0.8868
0.8964
0.8972
0.902
0.8958
0.9058
0.9044
0.902
0.8936
0.9
0.9016
0.9018
0.9022
0.8998
0.9082
0.8992
0.9006
0.8894
0.9026
0.8892
0.8876
0.8982
0.8932
0.897
0.8934
0.8866
0.895
0.8812
0.8806
0.8916
0.8856
0.8994
0.9006
0.8918
0.8968
0.8736
0.8878
0.8954
0.8748
0.8898
0.9006
0.898
0.8938
0.8964
0.8828
0.8972
0.8908
0.893
0.886
0.8926
0.8522
0.8968
0.901
0.9076
0.8868
0.9014
0.8862
0.8992
0.8932
0.8948
0.8966
0.8916
0.8952
0.892
0.8696
0.8848
0.8918
0.8938
0.893
0.8994
0.8948
0.893
0.8984
0.9012
0.906
0.9074
0.905
0.9002
0.9048
0.904
0.8996
0.9046
0.9086
0.9016
0.8938
0.9024
0.9008
0.903
0.902
0.8998
0.8898
0.8956
0.902
0.9016
0.9002
0.8588
0.9074
0.9082
0.907
0.894
0.898
0.903
0.9016
0.8988
0.8766
0.9068
0.8896
0.8958
0.8896
0.9072
0.8804
0.8874
0.8928
0.8964
0.8944
0.9112
0.9014
0.9098
0.9074
0.9156
0.9104
0.9106
0.9038
0.9088
0.9098
0.9014
0.911
0.8968
0.9024
0.9032
0.8982
0.9092
0.8994
0.8996
0.885
0.8906
0.8994
0.9076
0.9112
0.9062
0.909
0.8974
0.9046
0.9068
0.8874
0.9126
0.8954
0.9016
0.9
0.8912
0.9002
0.9008
0.904
0.9082
0.904
0.9038
0.9024
0.895
0.8936
0.8892
0.9114
0.892
0.9062
0.898
0.9004
0.8792
0.8948
0.9082
0.9064
0.905
0.9092
0.8998
0.91
0.9058
0.9064
0.9096
0.915
0.915
0.911
0.9134
0.916
0.91
0.906
0.9048
0.9138
0.9074
0.898
0.9018
0.9008
0.908
0.91
0.9024
0.91
0.909
0.9134
0.902
0.9074
0.914
0.914
0.9158
0.912
0.9152
0.9004
0.9006
0.9082
0.9062
0.9022
0.8992
0.905
0.9024
0.909
0.9098
0.913
0.9148
0.9112
0.9108
0.918
0.9144
0.9144
0.9076
0.9094
0.9038
0.9052
0.9148
0.9114
0.917
0.9086
0.9186
0.9178
0.915
0.9182
0.9164
0.917
0.9102
0.8988
0.8956
0.9066
0.9092
0.9114
0.917
0.9176
0.9116
0.9128
0.8852
0.8986
0.9106
0.9158
0.9128
0.9124
0.9152
0.9082
0.8998
0.8948
0.912
0.9086
0.9086
0.8948
0.8908
0.907
0.8998
0.8944
0.8944
0.8936
0.9032
0.9024
0.901
0.8916
0.9042
0.9112
0.914
0.9008
0.9138
0.9122
0.9116
0.9176
0.9144
0.919
0.9128
0.9172
0.9124
0.9184
0.9188
0.9082
0.9172
0.9198
0.9156
0.9126
0.9168
0.919
0.9162
0.9086
0.9094
0.9198
0.9194
0.9178
0.9226
0.9234
0.9166
0.917
0.9174
0.9132
0.9138
0.9138
0.91
0.9056
0.904
0.9098
0.909
0.9146
0.9138
0.9116
0.9166
0.9184
0.9174
0.9148
0.9138
0.9082
0.9186
0.914
0.9008
0.909
0.9168
0.92
0.9152
0.9104
0.908
0.914
0.9104
0.9096
0.8984
0.8994
0.9166
0.9164
0.912
0.9136
0.9084
0.9098
0.921
0.9206
0.9072
0.92
0.9214
0.9154
0.919
0.9092
0.914
0.9166
0.9122
0.91
0.9244
0.911
0.9108
0.9176
0.9202
0.923
0.9234
0.9188
0.9204
0.9084
0.9154
0.9122
0.9206
0.908
0.9048
0.9202
0.9222
0.9018
0.9076
0.9154
0.9218
0.9216
0.9232
0.9174
0.9204
0.925
0.926
0.918
0.9204
0.9142
0.9194
0.922
0.9224
0.9196
0.9218
0.9208
0.9016
0.9004
0.9182
0.9204
0.9164
0.9152
0.9238
0.9276
0.9278
0.9274
0.9248
0.921
0.9228
0.9214
0.9254
0.9254
0.9194
0.893
0.8972
0.909
0.9144
0.919
0.9224
0.9224
0.9244
0.9246
0.9138
0.917
0.9178
0.9164
0.9078
0.9208
0.9118
0.9014
0.9066
0.909
0.9204
0.9204
0.9234
0.9194
0.9202
0.9126
0.9222
0.9244
0.92
0.9206
0.9252
0.9214
0.9288
0.9248
0.9206
0.9216
0.9098
0.918
0.9136
0.9212
0.9222
0.9222
0.9136
0.9202
0.9248
0.9238
0.9244
0.9154
0.9142
0.915
0.9184
0.9238
0.9168
0.9218
0.9178
0.9224
0.9134
0.9184
0.926
0.9272
0.9014
0.922
0.9226
0.922
0.927
0.927
0.919
0.9052
0.9092
0.904
0.9222
0.9268
0.9188
0.9228
0.927
0.9254
0.9212
0.92
0.9202
0.9156
0.9224
0.9064
0.9026
0.918
0.9156
0.9226
0.9188
0.9178
0.9162
0.9136
0.9164
0.9188
0.9042
0.9098
0.9216
0.9208
0.9216
0.9212
0.919
0.9202
0.9236
0.9186
0.9212
0.9204
0.9228
0.9192
0.9244
0.9238
0.923
0.9284
0.932
0.9304
0.9272
0.9064
0.9292
0.9262
0.9282
0.9238
0.9248
0.9266
0.9288
0.9302
0.9256
0.9278
0.9216
0.917
0.9144
0.916
0.9142
0.9198
0.9268
0.924
0.925
0.9218
0.9274
0.9234
0.9258
0.926
0.9272
0.927
0.9278
0.92
0.926
0.9126
0.9068
0.924
0.9278
0.9282
0.9132
0.9182
0.9108
0.914
0.9218
0.919
0.9262
0.9046
0.928
0.9326
0.9302
0.9326
0.9296
0.9318
0.9288
0.93
0.9118
0.9166
0.92
0.9284
0.9248
0.9234
0.927
0.9258
0.9232
0.9154
0.9204
0.9328
0.9248
0.9232
0.925
0.9318
0.9316
0.9222
0.9282
0.929
0.9178
0.9256
0.9276
0.9314
0.9256
0.93
0.9364
0.932
0.9296
0.919
0.8868
0.9108
0.9312
0.9308
0.923
0.9192
0.9284
0.927
0.9298
0.9322
0.9348
0.9314
0.9246
0.9238
0.9326
0.9294
0.9312
0.9318
0.9312
0.931
0.9328
0.9324
0.9374
0.9312
0.9304
0.9304
0.9326
0.9316
0.9286
0.9298
0.9286
0.9226
0.9324
0.9326
0.9312
0.9286
0.9328
0.9294
0.9328
0.926
0.9118
0.922
0.917
0.9274
0.9294
0.9286
0.9344
0.931
0.928
0.9288
0.9326
0.9316
0.9354
0.9322
0.934
0.9354
0.9368
0.9364
0.9362
0.933
0.9264
0.9344
0.9324
0.9272
0.9274
0.9176
0.9242
0.9296
0.9284
0.931
0.925
0.9324
0.9296
0.9318
0.9264
0.9278
0.9276
0.9204
0.919
0.9258
0.9272
0.9334
0.9306
0.9328
0.9338
0.9358
0.9346
0.933
0.928
0.9258
0.918
0.921
0.9314
0.926
0.9326
0.9342
0.9366
0.9342
0.9118
0.926
0.926
0.9232
0.9258
0.9272
0.9258
0.9252
0.9354
0.9304
0.9304
0.9264
0.929
0.9308
0.935
0.9302
0.9342
0.9334
0.9322
0.9354
0.9354
0.9372
0.9366
0.9348
0.9376
0.9294
0.9304
0.9314
0.9274
0.9238
0.93
0.9346
0.9346
0.928
0.9322
0.9334
0.9264
0.9284
0.934
0.934
0.9338
0.9282
0.9324
0.9334
0.931
0.932
0.9352
0.9362
0.9294
0.9292
0.9304
0.9318
0.9262
0.9312
0.9332
0.932
0.9284
0.9312
0.928
0.9218
0.9314
0.9284
0.9356
0.936
0.935
0.937
0.9324
0.9336
0.9326
0.9302
0.9342
0.9368
0.9352
0.9366
0.9364
0.9334
0.9344
0.9312
0.9282
0.9338
0.9374
0.9364
0.9302
0.9336
0.9358
0.926
0.9282
0.9386
0.9376
0.9352
0.9372
0.9326
0.9344
0.93
0.934
0.9322
0.9212
0.9318
0.938
0.939
0.9376
0.9364
0.94
0.9386
0.9348
0.9332
0.9384
0.9376
0.9314
0.939
0.9388
0.9368
0.9388
0.9344
0.94
0.924
0.9384
0.9366
0.9322
0.9376
0.9374
0.9352
0.9298
0.9328
0.9364
0.9368
0.9352
0.934
0.9322
0.9336
0.9344
0.9294
0.923
0.931
0.9174
0.9324
0.9346
0.9314
0.9376
0.935
0.9374
0.9406
0.936
0.9326
0.9394
0.9352
0.938
0.9382
0.9366
0.9304
0.936
0.9362
0.9376
0.9354
0.9392
0.9372
0.9312
0.9376
0.9196
0.9186
0.9302
0.9352
0.9352
0.9356
0.93
0.937
0.936
0.9354
0.9356
0.9268
0.9284
0.9264
0.929
0.9326
0.9328
0.9308
0.9336
0.93
0.9304
0.9306
0.9344
0.938
0.9384
0.9384
0.9252
0.9294
0.9278
0.9232
0.935
0.9334
0.94
0.938
0.9386
0.9374
0.9378
0.9354
0.9158
0.9316
0.9368
0.9362
0.9382
0.9298
0.9376
0.9312
0.9332
0.9332
0.9344
0.9342
0.9342
0.9378
0.9376
0.9376
0.9378
0.9372
0.9384
0.9342
0.9234
0.9314
0.936
0.9346
0.9356
0.932
0.924
0.923
0.9232
0.932
0.9362
0.9326
0.9372
0.9378
0.9406
0.9352
0.9226
0.936
0.9404
0.9272
0.9302
0.9342
0.938
0.9414
0.9294
0.9264
0.9302
0.9372
0.9352
0.9358
0.9256
0.918
0.9248
0.9398
0.9418
0.9418
0.9366
0.9378
0.9426
0.9408
0.939
0.9312
0.9314
0.9364
0.9338
0.943
0.9422
0.943
0.9402
0.9336
0.934
0.9386
0.9436
0.935
0.937
0.947
0.9352
0.9466
0.9436
0.9428
0.943
0.9418
0.941
0.9374
0.934
0.9352
0.9384
0.9416
0.9446
0.9392
0.9416
0.9418
0.9434
0.9388
0.94
0.9434
0.9378
0.9406
0.9266
0.9268
0.9214
0.9388
0.9408
0.944
0.9434
0.9408
0.942
0.9438
0.9422
0.9366
0.942
0.942
0.9418
0.9408
0.943
0.9414
0.942
0.9432
0.9426
0.9442
0.9324
0.9372
0.9408
0.9348
0.9374
0.939
0.9416
0.9404
0.94
0.9402
0.9434
0.9438
0.9408
0.9394
0.939
0.945
0.9394
0.9424
0.9438
0.9422
0.9408
0.9422
0.9438
0.9426
0.9414
0.9424
0.9382
0.9416
0.9424
0.9436
0.9408
0.942
0.9394
0.9332
0.9386
0.9404
0.9434
0.9438
0.9436
0.9442
0.9444
0.934
0.9442
0.9396
0.9442
0.9424
0.9442
0.9286
0.9308
0.94
0.9406
0.9398
0.9404
0.9406
0.9362
0.9284
0.9366
0.9364
0.9412
0.9372
0.9392
0.9382
0.936
0.937
0.9416
0.938
0.9368
0.9374
0.9336
0.9368
0.939
0.937
0.9428
0.9406
0.9362
0.9354
0.9408
0.9424
0.9448
0.9402
0.946
0.9422
0.9416
0.9392
0.9376
0.9428
0.9382
0.9416
0.9362
0.9372
0.9318
0.942
0.9438
0.9398
0.9454
0.9388
0.9422
0.9456
0.9464
0.9426
0.9408
0.9444
0.9454
0.9414
0.9468
0.9454
0.9468
0.9468
0.9468
0.9474
0.9466
0.9474
0.9484
0.947
0.9476
0.9452
0.9476
0.9468
0.9472
0.9466
0.9448
0.9452
0.9454
0.9468
0.9454
0.9462
0.9464
0.946
0.9482
0.933
0.9344
0.94
0.9244
0.945
0.9476
0.9462
0.9478
0.9486
0.9492
0.9426
0.93
0.922
0.9282
0.9412
0.925
0.9256
0.9378
0.9346
0.9412
0.9426
0.937
0.9312
0.9442
0.9446
0.947
0.9416
0.9362
0.938
0.9426
0.9436
0.9444
0.9408
0.9372
0.941
0.9426
0.9418
0.9442
0.9406
0.932
0.9364
0.9396
0.9286
0.9332
0.9342
0.9432
0.947
0.9382
0.942
0.939
0.9438
0.9406
0.9448
0.9446
0.9438
0.9448
0.9418
0.9454
0.9434
0.9426
0.9424
0.9426
0.9462
0.9472
0.9496
0.9442
0.948
0.9432
0.9346
0.9374
0.9466
0.9374
0.949
0.9484
0.9464
0.9462
0.9402
0.9402
0.944
0.941
0.943
0.9474
0.9474
0.9458
0.9464
0.9484
0.9466
0.9462
0.9462
0.9482
0.9426
0.945
0.9436
0.9434
0.9428
0.945
0.9476
0.9436
0.94
0.941
0.9446
0.9428
0.9404
0.9454
0.9438
0.9506
0.945
0.9482
0.938
0.9448
0.9476
0.9466
0.9356
0.9394
0.9452
0.9376
0.946
0.9458
0.9482
0.9482
0.942
0.9418
0.9388
0.9414
0.9408
0.939
0.9388
0.9482
0.9372
0.9434
0.9464
0.9472
0.9492
0.9492
0.942
0.9466
0.9396
0.9438
0.9448
0.9428
0.9442
0.9442
0.9434
0.94
0.9436
0.9422
0.9352
0.9396
0.9434
0.9462
0.9438
0.9464
0.9476
0.9492
0.949
0.9366
0.9448
0.9458
0.9454
0.944
0.9476
0.9466
0.9492
0.9486
0.9472
0.9476
0.9486
0.9412
0.9416
0.9396
0.9422
0.9446
0.9466
0.9456
0.9454
0.9472
0.9454
0.946
0.9446
0.947
0.9474
0.9494
0.9476
0.9482
0.9494
0.9484
0.9416
0.9494
0.9452
0.9406
0.9252
0.9332
0.9414
0.9454
0.9486
0.9366
0.938
0.9466
0.947
0.9492
0.9506
0.95
0.946
0.9504
0.9516
0.9446
0.9486
0.9476
0.9508
0.9454
0.9508
0.9542
0.9526
0.9504
0.9524
0.9502
0.9498
0.953
0.9548
0.9562
0.9552
0.9546
0.9504
0.9504
0.9348
0.9484
0.944
0.9408
0.939
0.9394
0.9488
0.9484
0.9516
0.946
0.9522
0.9508
0.9498
0.9492
0.9478
0.9446
0.9448
0.9474
0.9512
0.9512
0.9498
0.9458
0.9506
0.9502
0.9532
0.9506
0.9488
0.9496
0.9458
0.9498
0.9464
0.9378
0.945
0.9426
0.9448
0.9488
0.939
0.9382
0.931
0.9398
0.9416
0.9452
0.9484
0.9472
0.9462
0.9476
0.9494
0.9496
0.9516
0.9514
0.9436
0.9438
0.9446
0.9448
0.9448
0.9468
0.9482
0.9424
0.9436
0.952
0.9526
0.9518
0.9504
0.951
0.9498
0.9498
0.9508
0.9528
0.9486
0.9504
0.9512
0.9482
0.9484
0.9514
0.9532
0.9512
0.9486
0.9476
0.9522
0.9516
0.953
0.9526
0.9496
0.9478
0.9432
0.9444
0.9468
0.9528
0.9504
0.9458
0.9458
0.9488
0.9522
0.9504
0.949
0.9416
0.9446
0.9522
0.9522
0.9524
0.9518
0.9518
0.9526
0.9516
0.942
0.9468
0.9442
0.946
0.9474
0.9484
0.946
0.948
0.9434
0.9448
0.9482
0.9466
0.9424
0.943
0.9512
0.9536
0.9538
0.9546
0.9484
0.9484
0.9518
0.953
0.952
0.9496
0.9504
0.95
0.9508
0.9476
0.9474
0.9484
0.935
0.9408
0.9478
0.9416
0.9378
0.945
0.9466
0.9488
0.9462
0.9464
0.945
0.9444
0.939
0.9392
0.9458
0.9498
0.9482
0.9528
0.9556
0.954
0.9534
0.9536
0.9526
0.9476
0.951
0.9502
0.951
0.95
0.955
0.9544
0.9566
0.9544
0.9512
0.9552
0.9536
0.9516
0.9546
0.9546
0.9476
0.951
0.9456
0.9444
0.9516
0.95
0.952
0.9516
0.9518
0.9508
0.9548
0.9552
0.9556
0.9558
0.955
0.9564
0.9578
0.9546
0.9536
0.9538
0.9566
0.956
0.9552
0.9516
0.9524
0.9518
0.9516
0.9494
0.9584
0.9552
0.947
0.9472
0.9482
0.9498
0.9498
0.9524
0.9554
0.956
0.955
0.955
0.9512
0.9502
0.9526
0.9576
0.957
0.9542
0.9562
0.9532
0.954
0.9524
0.9534
0.9532
0.9562
0.9452
0.95
0.9502
0.942
0.946
0.951
0.9476
0.9484
0.9516
0.9492
0.9538
0.9544
0.9546
0.9536
0.9506
0.9422
0.9454
0.9494
0.9506
0.9498
0.9532
0.9478
0.9488
0.945
0.9436
0.9454
0.9466
0.9498
0.949
0.9464
0.938
0.9462
0.9492
0.947
0.9534
0.948
0.9398
0.9518
0.9538
0.9528
0.9508
0.9554
0.9548
0.9522
0.9522
0.9516
0.9542
0.955
0.9548
0.958
0.9586
0.9476
0.9468
0.9538
0.9546
0.9546
0.9556
0.9562
0.9536
0.954
0.9586
0.9576
0.9558
0.9546
0.9536
0.9544
0.9534
0.9536
0.9548
0.9462
0.9442
0.9448
0.948
0.9508
0.9484
0.9554
0.9578
0.9556
0.9588
0.959
0.9578
0.958
0.956
0.9572
0.9536
0.954
0.9568
0.9486
0.9522
0.953
0.9494
0.9512
0.9496
0.9512
0.9556
0.9568
0.957
0.9574
0.9554
0.9554
0.9552
0.9516
0.954
0.951
0.945
0.9438
0.9462
0.952
0.9546
0.9578
0.9598
0.9602
0.96
0.9576
0.9558
0.9532
0.9546
0.9542
0.9516
0.955
0.9556
0.9536
0.9552
0.958
0.9582
0.957
0.9586
0.9588
0.9546
0.9436
0.9444
0.9524
0.9556
0.9554
0.9572
0.9544
0.9554
0.9494
0.9472
0.9516
0.9478
0.9494
0.9566
0.9566
0.9528
0.9528
0.9534
0.9534
0.9554
0.9534
0.9564
0.957
0.9576
0.9566
0.9556
0.957
0.9506
0.9608
0.9514
0.9574
0.9536
0.9562
0.9544
0.9568
0.9574
0.9592
0.9572
0.956
0.9578
0.958
0.9588
0.9606
0.9598
0.9588
0.961
0.9608
0.9596
0.961
0.953
0.9526
0.9524
0.952
0.95
0.953
0.9546
0.9548
0.955
0.9558
0.9578
0.9584
0.9562
0.9562
0.9562
0.9582
0.955
0.9544
0.9568
0.9596
0.9606
0.9566
0.9608
0.961
0.9572
0.9564
0.9588
0.9568
0.9588
0.9512
0.9504
0.9536
0.9568
0.9582
0.9572
0.9572
0.9562
0.9578
0.9566
0.9548
0.9592
0.9586
0.956
0.9552
0.9562
0.961
0.957
0.958
0.956
0.9562
0.9536
0.9548
0.9556
0.954
0.9526
0.9574
0.9576
0.9584
0.9528
0.9556
0.952
0.9492
0.9428
0.9542
0.9574
0.9548
0.9498
0.9528
0.9576
0.9488
0.9504
0.9514
0.9498
0.9332
0.9464
0.953
0.9526
0.9546
0.955
0.9544
0.956
0.9558
0.9576
0.9564
0.9564
0.9592
0.9538
0.958
0.9522
0.9564
0.9586
0.957
0.9596
0.9584
0.9582
0.9598
0.9598
0.9574
0.9576
0.961
0.9596
0.9602
0.961
0.9602
0.9584
0.9598
0.9612
0.9582
0.9602
0.9596
0.9588
0.9566
0.9532
0.96
0.958
0.9566
0.9556
0.955
0.9564
0.9498
0.9536
0.9548
0.9554
0.9534
0.9486
0.948
0.9506
0.9516
0.95
0.9524
0.9534
0.9536
0.9552
0.9556
0.9558
0.955
0.955
0.9554
0.9564
0.9568
0.958
0.9566
0.9566
0.9562
0.9552
0.952
0.9526
0.956
0.958
0.9594
0.9576
0.9604
0.9604
0.9536
0.9532
0.9536
0.9574
0.9568
0.9526
0.9506
0.9504
0.956
0.9502
0.9526
0.9552
0.9572
0.9582
0.9568
0.9574
0.9606
0.9604
0.9602
0.96
0.9606
0.9556
0.9508
0.9566
0.9566
0.9602
0.9608
0.9556
0.9608
0.9594
0.9594
0.9596
0.9598
0.9596
0.9578
0.9548
0.9478
0.9538
0.9536
0.9564
0.9552
0.953
0.9594
0.96
0.9566
0.9588
0.9596
0.9568
0.9576
0.9534
0.9522
0.9538
0.9522
0.957
0.9614
0.9604
0.9598
0.9568
0.9566
0.9584
0.9582
0.9564
0.9468
0.9484
0.954
0.9626
0.9622
0.9568
0.9612
0.964
0.9634
0.9632
0.9624
0.9636
0.9626
0.9638
0.9624
0.9598
0.9532
0.9552
0.9568
0.9604
0.9634
0.964
0.9636
0.9632
0.961
0.9578
0.9562
0.9594
0.9606
0.962
0.9592
0.9574
0.9608
0.9576
0.9596
0.9582
0.959
0.9622
0.962
0.962
0.9646
0.962
0.954
0.958
0.9596
0.9608
0.9578
0.9532
0.964
0.9634
0.963
0.9572
0.9526
0.9538
0.954
0.9586
0.9634
0.9644
0.9626
0.9622
0.9628
0.9636
0.9478
0.9558
0.9542
0.955
0.9552
0.9572
0.958
0.9634
0.9622
0.9616
0.961
0.9626
0.958
0.96
0.9594
0.9538
0.9586
0.9592
0.948
0.9442
0.9574
0.9568
0.9542
0.957
0.957
0.9576
0.958
0.9578
0.9442
0.952
0.9526
0.9518
0.9604
0.9598
0.9572
0.9604
0.9608
0.9612
0.9588
0.9534
0.9526
0.956
0.954
0.9568
0.958
0.9596
0.952
0.9404
0.9426
0.9504
0.9532
0.9402
0.9566
0.9574
0.9598
0.9602
0.9612
0.9596
0.9594
0.9594
0.959
0.9626
0.9608
0.9612
0.9628
0.9632
0.962
0.9618
0.96
0.955
0.9534
0.9584
0.9572
0.9566
0.9574
0.957
0.9566
0.9566
0.961
0.9618
0.9608
0.9606
0.961
0.9622
0.9596
0.9614
0.9624
0.9612
0.962
0.96
0.959
0.9608
0.9614
0.9584
0.9572
0.9596
0.961
0.961
0.9616
0.963
0.9602
0.9594
0.9556
0.9604
0.9598
0.9556
0.957
0.9568
0.9596
0.954
0.9578
0.9442
0.954
0.9564
0.957
0.957
0.9516
0.9548
0.957
0.9556
0.9564
0.9574
0.9556
0.9632
0.9556
0.9586
0.9556
0.9612
0.9602
0.962
0.9622
0.9606
0.9614
0.9638
0.9524
0.9532
0.9616
0.9572
0.9614
0.9612
0.961
0.9624
0.9622
0.9628
0.9624
0.9616
0.96
0.962
0.958
0.9568
0.9508
0.9552
0.9528
0.9478
0.9592
0.9596
0.9618
0.9622
0.9622
0.9594
0.9618
0.96
0.958
0.9598
0.96
0.9578
0.9634
0.9582
0.9586
0.9566
0.9586
0.961
0.9582
0.9596
0.958
0.9602
0.9606
0.961
0.9624
0.955
0.9582
0.9628
0.962
0.9628
0.963
0.9634
0.963
0.9596
0.9598
0.9588
0.9614
0.9612
0.9606
0.9542
0.962
0.9574
0.9602
0.9598
0.963
0.9586
0.9604
0.9628
0.9606
0.961
0.9628
0.9588
0.96
0.9608
0.9532
0.9582
0.9568
0.9588
0.9602
0.9622
0.9618
0.962
0.9612
0.9578
0.9612
0.9604
0.9594
0.9632
0.9622
0.9612
0.9608
0.9618
0.9562
0.9596
0.9604
0.9606
0.9614
0.9608
0.9608
0.9594
0.962
0.9636
0.961
0.9644
0.9612
0.9642
0.9644
0.9628
0.9618
0.9622
0.9606
0.9622
0.956
0.9534
0.9564
0.9576
0.961
0.9624
0.9602
0.9596
0.9606
0.9594
0.96
0.9612
0.9636
0.964
0.9642
0.9636
0.9636
0.964
0.963
0.9616
0.9624
0.9588
0.958
0.9588
0.959
0.959
0.958
0.9604
0.9588
0.9574
0.9596
0.962
0.9618
0.9616
0.9622
0.9628
0.9636
0.9626
0.9634
0.9646
0.965
0.9654
0.9622
0.962
0.9618
0.9618
0.961
0.9606
0.9652
0.9646
0.963
0.9576
0.9608
0.9624
0.963
0.9628
0.9626
0.9542
0.9566
0.9628
0.96
0.9602
0.9592
0.9606
0.9626
0.9646
0.9616
0.9614
0.9632
0.9654
0.9638
0.9644
0.9642
0.9642
0.9638
0.9634
0.9632
0.9626
0.962
0.9622
0.9618
0.961
0.9544
0.9578
0.9582
0.9624
0.9616
0.9582
0.9582
0.9628
0.9626
0.9634
0.963
0.963
0.9634
0.9632
0.9572
0.96
0.9628
0.9626
0.9604
0.962
0.965
0.9642
0.9622
0.9566
0.9588
0.96
0.9626
0.962
0.9636
0.9636
0.961
0.9592
0.9608
0.9586
0.957
0.9572
0.9516
0.9576
0.9644
0.9654
0.9644
0.9642
0.9622
0.9608
0.9634
0.9612
0.962
0.961
0.9634
0.9642
0.9654
0.9634
0.9632
0.9634
0.9634
0.963
0.9648
0.9624
0.9622
0.9646
0.9614
0.9616
0.9592
0.9568
0.961
0.9604
0.9608
0.96
0.961
0.96
0.9616
0.964
0.9638
0.965
0.965
0.9656
0.9582
0.9608
0.9634
0.9638
0.9616
0.9624
0.9626
0.9606
0.965
0.962
0.9648
0.9626
0.9646
0.965
0.9664
0.9642
0.9644
0.9644
0.9646
0.9638
0.9626
0.9522
0.9538
0.9532
0.9566
0.9648
0.9632
0.963
0.9636
0.962
0.9646
0.9622
0.9646
0.9646
0.962
0.9608
0.9626
0.9612
0.961
0.9594
0.9592
0.963
0.9658
0.9654
0.9654
0.9618
0.9602
0.9612
0.964
0.9648
0.9646
0.9646
0.9644
0.9644
0.962
0.9634
0.9646
0.9648
0.964
0.9636
0.9642
0.9636
0.962
0.954
0.9562
0.962
0.9574
0.959
0.9622
0.9624
0.9644
0.9634
0.9654
0.965
0.9622
0.9602
0.9584
0.9596
0.9572
0.9544
0.9552
0.959
0.9638
0.9644
0.9646
0.9594
0.9612
0.9634
0.9566
0.9574
0.9624
0.9636
0.9648
0.9626
0.9602
0.9612
0.9608
0.9652
0.9642
0.963
0.9638
0.9622
0.9646
0.9644
0.9652
0.9654
0.963
0.9632
0.964
0.9654
0.966
0.9646
0.9636
0.961
0.9634
0.9632
0.9578
0.9578
0.9624
0.964
0.965
0.9654
0.9606
0.9604
0.9616
0.9626
0.9598
0.9538
0.9464
0.953
0.9544
0.9534
0.9566
0.9574
0.9618
0.9576
0.959
0.9624
0.9632
0.9638
0.9656
0.9648
0.9656
0.9658
0.9632
0.9604
0.964
0.961
0.9584
0.9596
0.961
0.9566
0.9592
0.9594
0.9598
0.9592
0.963
0.9646
0.962
0.9604
0.9602
0.9634
0.9562
0.9472
0.9522
0.9498
0.9462
0.9522
0.9544
0.9564
0.952
0.9548
0.958
0.9584
0.9568
0.9602
0.9596
0.9592
0.9604
0.9606
0.9648
0.9654
0.9646
0.9654
0.9648
0.9624
0.9606
0.9618
0.9586
0.962
0.9654
0.965
0.9594
0.9592
0.9602
0.962
0.9626
0.9658
0.9634
0.963
0.9652
0.9626
0.9614
0.9678
0.9674
0.9678
0.959
0.9628
0.9622
0.9642
0.965
0.9618
0.9636
0.9642
0.9644
0.965
0.9524
0.9512
0.9624
0.965
0.9648
0.9652
0.9634
0.9644
0.964
0.9592
0.9604
0.9584
0.9602
0.9616
0.962
0.9634
0.9614
0.9594
0.954
0.9554
0.9554
0.9572
0.9524
0.9584
0.9598
0.962
0.9624
0.9644
0.9644
0.9652
0.9642
0.9644
0.966
0.9678
0.9672
0.9646
0.966
0.965
0.9602
0.9602
0.9608
0.9568
0.963
0.9636
0.9646
0.964
0.9644
0.9592
0.9606
0.9604
0.9524
0.9578
0.9626
0.9586
0.9598
0.9686
0.9662
0.9666
0.9678
0.9664
0.9654
0.9672
0.9666
0.9656
0.966
0.9646
0.9642
0.9644
0.9532
0.9636
0.9648
0.968
0.9668
0.9656
0.967
0.9668
0.9664
0.9622
0.9606
0.9624
0.9678
0.9664
0.9644
0.9624
0.9602
0.9606
0.9624
0.9638
0.9642
0.9648
0.964
0.9656
0.9652
0.9634
0.9626
0.9656
0.9652
0.965
0.9618
0.9614
0.964
0.9642
0.9626
0.9616
0.9654
0.9654
0.9668
0.9654
0.9668
0.9654
0.967
0.9668
0.9674
0.9684
0.964
0.965
0.9646
0.9662
0.9638
0.964
0.9652
0.96
0.9612
0.956
0.956
0.9628
0.965
0.961
0.9616
0.961
0.9628
0.9638
0.9616
0.9586
0.9622
0.9606
0.9632
0.9634
0.9636
0.9636
0.9658
0.9664
0.9632
0.9618
0.9616
0.965
0.9654
0.966
0.9628
0.9638
0.9646
0.9648
0.9624
0.9638
0.9634
0.9638
0.9584
0.9586
0.9586
0.9596
0.9616
0.966
0.964
0.9608
0.9598
0.9594
0.9634
0.965
0.965
0.9646
0.9638
0.9622
0.9656
0.9614
0.9662
0.966
0.9678
0.9672
0.9662
0.966
0.967
0.9646
0.9622
0.9628
0.9632
0.9644
0.9652
0.964
0.9656
0.968
0.9638
0.967
0.9628
0.9614
0.9618
0.9618
0.9666
0.9656
0.965
0.9636
0.964
0.9652
0.9652
0.9618
0.9644
0.9684
0.9686
0.968
0.9678
0.968
0.9676
0.9632
0.9656
0.9656
0.9658
0.9608
0.9616
0.9636
0.962
0.9584
0.9578
0.9614
0.9638
0.9664
0.9664
0.9672
0.9664
0.9686
0.9672
0.966
0.9662
0.9656
0.9662
0.9678
0.9676
0.9676
0.9662
0.9606
0.963
0.9618
0.9658
0.9656
0.9608
0.9576
0.9626
0.9632
0.965
0.9652
0.96
0.9652
0.9668
0.9682
0.9674
0.9676
0.9662
0.9662
0.9674
0.9666
0.966
0.9638
0.9664
0.9672
0.967
0.9678
0.9682
0.9656
0.9672
0.9622
0.959
0.9616
0.9622
0.9632
0.958
0.963
0.9618
0.9614
0.9618
0.9622
0.962
0.962
0.9612
0.9628
0.9634
0.9636
0.965
0.966
0.9638
0.967
0.9678
0.9684
0.9678
0.9678
0.9684
0.9686
0.9668
0.968
0.9682
0.9678
0.955
0.9594
0.9624
0.9602
0.9612
0.9626
0.9628
0.964
0.9668
0.9678
0.9628
0.964
0.9652
0.9666
0.967
0.9646
0.9646
0.9642
0.9636
0.9652
0.9634
0.9654
0.966
0.9662
0.9642
0.9656
0.9664
0.9672
0.9662
0.964
0.9656
0.967
0.9674
0.9662
0.9654
0.9658
0.9662
0.9648
0.9602
0.9634
0.9634
0.962
0.965
0.9646
0.9664
0.968
0.9656
0.966
0.9666
0.9676
0.9656
0.964
0.9644
0.966
0.9656
0.9662
0.9656
0.9652
0.9658
0.965
0.965
0.9672
0.9632
0.9604
0.9548
0.9578
0.9614
0.9638
0.9636
0.9622
0.9658
0.9674
0.966
0.9658
0.9664
0.9654
0.9632
0.9638
0.9652
0.965
0.9648
0.9646
0.9642
0.9648
0.964
0.9654
0.9662
0.9652
0.9634
0.9646
0.9632
0.9648
0.9616
0.9626
0.9592
0.9618
0.9626
0.9638
0.964
0.9666
0.9656
0.9666
0.9676
0.9664
0.9678
0.9676
0.9664
0.9658
0.9646
0.9662
0.9658
0.9662
0.9658
0.9658
0.9662
0.965
0.9662
0.9606
0.9608
0.962
0.9624
0.9656
0.967
0.9668
0.9652
0.964
0.9646
0.9662
0.9666
0.968
0.9674
0.9684
0.9686
0.9676
0.9686
0.9678
0.9668
0.9664
0.9678
0.966
0.966
0.9662
0.9664
0.9644
0.9672
0.9664
0.9664
0.9666
0.9672
0.9664
0.9656
0.967
0.9682
0.968
0.9666
0.9678
0.9682
0.9584
0.9618
0.9666
0.9652
0.9654
0.9528
0.9498
0.957
0.9608
0.963
0.9668
0.967
0.9662
0.967
0.9684
0.9668
0.9622
0.9672
0.9674
0.9652
0.9688
0.9692
0.9688
0.9692
0.9694
0.9668
0.9634
0.9666
0.967
0.9656
0.9668
0.9654
0.9662
0.9658
0.9658
0.9662
0.9638
0.963
0.9646
0.9636
0.9652
0.9656
0.9648
0.9648
0.9658
0.9652
0.9652
0.9664
0.9658
0.9664
0.9664
0.9658
0.9652
0.966
0.9662
0.9664
0.966
0.9652
0.9652
0.9666
0.9662
0.9664
0.9664
0.9652
0.965
0.9644
0.965
0.9642
0.964
0.9648
0.966
0.9654
0.9646
0.9644
0.9602
0.9652
0.967
0.962
0.963
0.9588
0.966
0.9652
0.9642
0.9638
0.965
0.9652
0.9658
0.9666
0.9676
0.9672
0.9668
0.9666
0.9676
0.968
0.9676
0.9684
0.967
0.9652
0.9646
0.965
0.966
0.964
0.9648
0.9644
0.9628
0.9642
0.9618
0.964
0.965
0.9654
0.965
0.9672
0.966
0.9636
0.962
0.9624
0.9654
0.9666
0.9652
0.9666
0.967
0.9644
0.9654
0.9682
0.968
0.9678
0.9686
0.9654
0.9694
0.969
0.9694
0.9662
0.968
0.9644
0.9666
0.9654
0.9664
0.9634
0.965
0.963
0.9648
0.9656
0.9648
0.9648
0.9664
0.967
0.9632
0.9634
0.9642
0.9664
0.9538
0.9592
0.9598
0.96
0.9624
0.9636
0.9642
0.9652
0.9654
0.9654
0.9654
0.965
0.967
0.9674
0.967
0.9676
0.9688
0.9666
0.9672
0.968
0.9684
0.9682
0.9682
0.9676
0.9658
0.966
0.9666
0.9614
0.956
0.9584
0.9638
0.9632
0.9626
0.9608
0.9638
0.964
0.9628
0.9666
0.9666
0.9668
0.9668
0.968
0.9662
0.9662
0.9664
0.9656
0.9676
0.9678
0.968
0.9652
0.9666
0.9668
0.9668
0.9678
0.967
0.9678
0.9656
0.9646
0.9636
0.965
0.9656
0.9664
0.9664
0.967
0.967
0.9674
0.9658
0.966
0.9662
0.9662
0.9618
0.967
0.9662
0.968
0.9682
0.9634
0.9664
0.9658
0.9632
0.9656
0.9652
0.9646
0.9634
0.9674
0.9678
0.9688
0.9624
0.9648
0.9644
0.9652
0.9664
0.9684
0.969
0.9688
0.9668
0.967
0.963
0.9652
0.967
0.9646
0.9652
0.9656
0.9656
0.963
0.9604
0.9646
0.962
0.963
0.9606
0.961
0.962
0.9632
0.9628
0.9642
0.9638
0.966
0.967
0.9674
0.969
0.9674
0.968
0.968
0.9688
0.9688
0.9638
0.9664
0.9654
0.9678
0.9666
0.9664
0.9666
0.9686
0.9682
0.9682
0.968
0.9684
0.968
0.9682
0.967
0.968
0.9666
0.967
0.966
0.9666
0.9662
0.9664
0.968
0.9666
0.966
0.9662
0.961
0.963
0.968
0.9664
0.967
0.9668
0.967
0.9654
0.962
0.963
0.9686
0.9678
0.9696
0.965
0.964
0.968
0.9676
0.9678
0.9658
0.9658
0.9652
0.9658
0.969
0.9688
0.9674
0.9668
0.9666
0.9656
0.9638
0.9638
0.967
0.9638
0.9678
0.9674
0.9642
0.9654
0.9672
0.9672
0.969
0.965
0.9646
0.9658
0.9664
0.9664
0.9662
0.9662
0.967
0.965
0.9648
0.9662
0.9668
0.9664
0.9654
0.9678
0.967
0.9646
0.9678
0.9666
0.9672
0.968
0.9666
0.9668
0.965
0.965
0.9648
0.9646
0.9612
0.9608
0.963
0.962
0.9656
0.9656
0.9672
0.9664
0.965
0.9648
0.9664
0.9666
0.9678
0.9692
0.9664
0.9688
0.961
0.9652
0.9558
0.959
0.9666
0.9674
0.9672
0.9688
0.969
0.9694
0.969
0.9678
0.9694
0.9692
0.968
0.9686
0.9698
0.9702
0.9696
0.9702
0.9684
0.9688
0.9698
0.971
0.9678
0.9684
0.9694
0.969
0.9684
0.9686
0.9686
0.969
0.9692
0.9692
0.9702
0.9646
0.9686
0.9686
0.9694
0.9686
0.9706
0.9708
0.97
0.9686
0.9684
0.969
0.9682
0.9688
0.9704
0.969
0.97
0.9694
0.9674
0.9686
0.969
0.9684
0.9684
0.9706
0.9588
0.9666
0.9646
0.9684
0.9686
0.9686
0.9668
0.9684
0.9686
0.9688
0.9662
0.9676
0.965
0.9676
0.9682
0.9682
0.9634
0.9692
0.9694
0.9696
0.9704
0.9684
0.968
0.971
0.97
0.97
0.97
0.9668
0.9688
0.969
0.9678
0.9688
0.9682
0.9688
0.9678
0.9678
0.9696
0.9698
0.9584
0.961
0.964
0.9598
0.961
0.9596
0.9508
0.9548
0.966
0.9646
0.9664
0.9708
0.9662
0.9678
0.9674
0.968
0.9696
0.9706
0.9682
0.9696
0.9692
0.9704
0.9692
0.969
0.9706
0.9696
0.9704
0.97
0.9708
0.9688
0.9706
0.9708
0.9698
0.9698
0.9688
0.969
0.9684
0.9688
0.9666
0.9684
0.9682
0.9682
0.97
0.971
0.9716
0.9704
0.9716
0.9658
0.9682
0.9684
0.97
0.9698
0.9676
0.9678
0.9672
0.9696
0.9698
0.9722
0.9688
0.968
0.9676
0.9686
0.9694
0.9698
0.97
0.9688
0.9712
0.9702
0.9688
0.9686
0.9666
0.9674
0.9676
0.967
0.9676
0.9662
0.9668
0.9674
0.9654
0.966
0.9664
0.9708
0.971
0.9696
0.9684
0.9684
0.9672
0.9708
0.9702
0.9668
0.9654
0.966
0.967
0.967
0.967
0.9674
0.967
0.9666
0.969
0.969
0.9658
0.9674
0.9672
0.9672
0.9678
0.9676
0.97
0.9682
0.969
0.9678
0.9694
0.9668
0.9694
0.9694
0.97
0.9702
0.9688
0.9688
0.971
0.9678
0.968
0.97
0.9674
0.9698
0.9684
0.968
0.9696
0.9696
0.9706
0.9668
0.9696
0.97
0.9698
0.9698
0.9698
0.9694
0.9704
0.969
0.9702
0.9718
0.9716
0.971
0.9712
0.9708
0.971
0.9696
0.9688
0.97
0.9702
0.97
0.9642
0.9688
0.9674
0.9706
0.9704
0.9704
0.9686
0.969
0.9694
0.9698
0.9704
0.969
0.9722
0.9712
0.9704
0.9724
0.973
0.973
0.9694
0.9688
0.9698
0.9692
0.9666
0.9668
0.9698
0.9698
0.9702
0.9682
0.9686
0.9648
0.9654
0.967
0.9706
0.9706
0.972
0.9722
0.967
0.9674
0.971
0.9714
0.972
0.972
0.9718
0.9716
0.9712
0.9704
0.9712
0.97
0.9684
0.9688
0.9678
0.9684
0.9706
0.9706
0.969
0.9678
0.9636
0.9654
0.966
0.9664
0.9656
0.9658
0.9664
0.9668
0.9668
0.9662
0.9662
0.9668
0.9666
0.9662
0.969
0.97
0.9686
0.9706
0.9706
0.9706
0.9694
0.9702
0.9716
0.9704
0.9698
0.9702
0.9706
0.969
0.9688
0.971
0.9708
0.9706
0.9658
0.9624
0.9636
0.9618
0.9664
0.9676
0.9684
0.9704
0.97
0.97
0.9688
0.9652
0.9654
0.9688
0.9672
0.9706
0.9624
0.967
0.9702
0.9702
0.9704
0.9716
0.9722
0.9724
0.9718
0.9714
0.9716
0.964
0.9662
0.9662
0.9682
0.9636
0.9658
0.9672
0.9676
0.967
0.9696
0.9696
0.9682
0.9658
0.9694
0.97
0.9702
0.9704
0.97
0.9702
0.9702
0.9712
0.9708
0.9698
0.971
0.9718
0.9704
0.9698
0.9652
0.9666
0.9668
0.967
0.9672
0.9686
0.9676
0.9642
0.9662
0.967
0.967
0.968
0.9682
0.9682
0.9708
0.971
0.9708
0.971
0.9706
0.971
0.9714
0.9718
0.9712
0.9712
0.9714
0.971
0.9706
0.9712
0.9706
0.9712
0.9722
0.9704
0.97
0.9696
0.9688
0.9716
0.9714
0.972
0.9716
0.9702
0.9708
0.9714
0.9716
0.971
0.9692
0.9702
0.9712
0.9712
0.9704
0.9714
0.9728
0.9712
0.9666
0.9684
0.9694
0.9698
0.9708
0.9724
0.9722
0.9722
0.9716
0.972
0.9724
0.9702
0.9708
0.9712
0.97
0.969
0.9702
0.9682
0.9684
0.9702
0.9616
0.967
0.9686
0.9684
0.97
0.9696
0.9714
0.9696
0.9704
0.9684
0.9612
0.9634
0.963
0.9678
0.9678
0.9668
0.9686
0.9666
0.9674
0.9668
0.9688
0.9688
0.9642
0.9642
0.9656
0.9674
0.9666
0.9668
0.9674
0.9676
0.9668
0.965
0.9652
0.9672
0.967
0.967
0.9578
0.9682
0.968
0.968
0.9692
0.9688
0.9696
0.969
0.9688
0.9684
0.9686
0.9646
0.9658
0.9688
0.969
0.969
0.9682
0.9692
0.97
0.9684
0.9682
0.9688
0.9642
0.964
0.9626
0.9622
0.9574
0.962
0.9628
0.9632
0.963
0.964
0.9634
0.9624
0.9634
0.963
0.9634
0.961
0.9626
0.9618
0.97
0.9672
0.9674
0.9692
0.9688
0.9658
0.9684
0.9686
0.9682
0.969
0.9692
0.9688
0.9694
0.969
0.9696
0.962
0.9664
0.9664
0.9666
0.9632
0.9674
0.9672
0.9672
0.9638
0.9664
0.9684
0.9688
0.969
0.9688
0.9682
0.9678
0.9692
0.9698
0.9698
0.9712
0.9708
0.971
0.971
0.9694
0.9692
0.9698
0.9696
0.9672
0.9666
0.967
0.967
0.9646
0.9668
0.9688
0.968
0.9666
0.9694
0.9686
0.9676
0.9728
0.9724
0.9718
0.969
0.9696
0.9698
0.9708
0.9698
0.9698
0.97
0.9692
0.9688
0.9688
0.9686
0.969
0.9698
0.9682
0.9688
0.9678
0.9678
0.9688
0.9696
0.969
0.9708
0.9698
0.9698
0.9668
0.9674
0.9678
0.9692
0.9698
0.9682
0.9686
0.9704
0.9696
0.969
0.9684
0.9684
0.9678
0.9682
0.968
0.967
0.967
0.9672
0.9686
0.9692
0.9692
0.969
0.97
0.9702
0.9682
0.969
0.9706
0.9654
0.9676
0.9662
0.9678
0.9678
0.9666
0.9676
0.9684
0.9678
0.9676
0.9688
0.966
0.9678
0.9658
0.9656
0.9656
0.9638
0.9634
0.9676
0.964
0.9654
0.9658
0.967
0.9672
0.968
0.968
0.9678
0.9688
0.968
0.9628
0.9638
0.9674
0.9688
0.9676
0.9692
0.9696
0.9694
0.97
0.9696
0.9684
0.9692
0.9694
0.9702
0.9692
0.969
0.969
0.9706
0.9704
0.968
0.9686
0.9692
0.9694
0.9696
0.9698
0.9682
0.969
0.9684
0.9692
0.9678
0.969
0.9688
0.9708
0.9704
0.9702
0.97
0.9698
0.97
0.969
0.9688
0.9688
0.9696
0.9696
0.9682
0.962
0.9642
0.9686
0.9684
0.9694
0.968
0.9694
0.97
0.9698
0.9688
0.9664
0.9664
0.9694
0.97
0.968
0.9696
0.9716
0.9672
0.9686
0.9712
0.971
0.9704
0.9702
0.9706
0.9708
0.9704
0.9702
0.97
0.9704
0.971
0.969
0.9692
0.9696
0.969
0.9702
0.9666
0.9696
0.9718
0.971
0.9708
0.9702
0.9726
0.9722
0.972
0.9724
0.9724
0.9718
0.9732
0.9726
0.9716
0.9724
0.9714
0.972
0.9722
0.97
0.9682
0.9688
0.972
0.971
0.9708
0.972
0.9716
0.9696
0.9698
0.9704
0.9676
0.9672
0.9672
0.9656
0.9644
0.9642
0.9646
0.9632
0.9628
0.9642
0.969
0.9668
0.9642
0.9644
0.965
0.9678
0.9654
0.967
0.9672
0.9688
0.9666
0.9666
0.9682
0.969
0.966
0.9678
0.9712
0.9672
0.969
0.9708
0.9706
0.9716
0.9718
0.971
0.9692
0.9706
0.97
0.9658
0.969
0.9684
0.965
0.9668
0.9678
0.967
0.9676
0.9682
0.9692
0.968
0.9678
0.9674
0.9676
0.9648
0.963
0.9646
0.9654
0.9656
0.9696
0.9698
0.9688
0.9704
0.9704
0.9658
0.965
0.9578
0.9642
0.9664
0.9656
0.9598
0.9622
0.9624
0.9666
0.9642
0.9656
0.9706
0.9702
0.9712
0.9688
0.9676
0.9676
0.9682
0.9674
0.9672
0.9672
0.9668
0.9676
0.9694
0.9694
0.97
0.9688
0.9694
0.9708
0.9706
0.964
0.9654
0.9684
0.9682
0.9698
0.9698
0.967
0.9694
0.9696
0.971
0.9696
0.9712
0.9718
0.9708
0.9696
0.9692
0.9698
0.9692
0.9654
0.9648
0.9708
0.972
0.9728
0.974
0.973
0.9724
0.9656
0.9668
0.9714
0.9722
0.9728
0.973
0.9716
0.9706
0.97
0.9696
0.9712
0.9706
0.9676
0.9682
0.971
0.9724
0.9724
0.972
0.9718
0.9714
0.9714
0.971
0.9718
0.9716
0.9682
0.9692
0.9696
0.9714
0.9718
0.9716
0.9722
0.9722
0.972
0.9728
0.9734
0.97
0.9708
0.9716
0.9722
0.9724
0.9722
0.9728
0.9702
0.9702
0.9686
0.9686
0.9692
0.969
0.9694
0.9696
0.9718
0.9716
0.967
0.9688
0.9682
0.9682
0.9686
0.9682
0.9678
0.9672
0.9674
0.9686
0.9698
0.9708
0.971
0.972
0.971
0.9704
0.9706
0.9684
0.9678
0.9678
0.97
0.971
0.9708
0.971
0.9714
0.971
0.9716
0.9718
0.969
0.9688
0.97
0.971
0.9716
0.9712
0.9712
0.966
0.9672
0.9704
0.9674
0.9672
0.9704
0.9704
0.9706
0.9702
0.9718
0.972
0.97
0.9696
0.97
0.9724
0.9726
0.9714
0.9716
0.972
0.972
0.9688
0.9686
0.9698
0.9702
0.9692
0.9692
0.9708
0.9704
0.9708
0.9702
0.9708
0.9704
0.9694
0.9672
0.9674
0.9682
0.9686
0.9682
0.9684
0.9686
0.969
0.965
0.9644
0.9698
0.97
0.9718
0.9722
0.972
0.9718
0.9714
0.9712
0.9714
0.9714
0.9716
0.9708
0.971
0.971
0.9672
0.9642
0.9676
0.9686
0.9716
0.9702
0.9698
0.9706
0.972
0.97
0.9682
0.9684
0.9696
0.9718
0.974
0.974
0.9712
0.9708
0.9714
0.9716
0.9714
0.9716
0.9696
0.9682
0.9706
0.9728
0.972
0.973
0.9726
0.9706
0.971
0.9708
0.9698
0.9686
0.969
0.969
0.969
0.972
0.9728
0.967
0.9722
0.9722
0.9718
0.9716
0.9716
0.9718
0.9718
0.9718
0.9722
0.9726
0.9722
0.9728
0.973
0.9724
0.9714
0.9714
0.9716
0.9656
0.9672
0.9676
0.9634
0.9624
0.9694
0.9694
0.9732
0.9726
0.9728
0.9734
0.9728
0.9732
0.973
0.9734
0.9732
0.972
0.972
0.9654
0.9682
0.9694
0.9702
0.9708
0.9714
0.9718
0.9726
0.9712
0.971
0.972
0.9684
0.9712
0.9696
0.9722
0.972
0.9722
0.9736
0.9706
0.972
0.9672
0.969
0.969
0.9696
0.9696
0.9722
0.9728
0.973
0.9732
0.974
0.9738
0.9732
0.968
0.9608
0.9626
0.9646
0.972
0.9722
0.9706
0.9688
0.9696
0.968
0.9674
0.9706
0.9706
0.963
0.9694
0.9688
0.9692
0.9694
0.971
0.9714
0.972
0.971
0.9714
0.972
0.9732
0.9732
0.9702
0.9714
0.9702
0.9676
0.9672
0.973
0.9732
0.9734
0.9732
0.9702
0.9718
0.9674
0.968
0.9616
0.9684
0.9708
0.9712
0.973
0.9692
0.97
0.968
0.9672
0.9682
0.9686
0.9688
0.9678
0.97
0.9704
0.9706
0.9702
0.9716
0.9704
0.9692
0.972
0.9728
0.9708
0.9692
0.971
0.9718
0.972
0.9722
0.9714
0.971
0.9734
0.9728
0.9724
0.9724
0.974
0.973
0.9734
0.9734
0.9748
0.975
0.975
0.9736
0.973
0.9728
0.9726
0.9728
0.9722
0.9724
0.9736
0.9736
0.9734
0.9734
0.9724
0.972
0.9714
0.9712
0.9692
0.969
0.9718
0.9728
0.972
0.9718
0.9688
0.9572
0.9618
0.9724
0.9724
0.972
0.9726
0.9724
0.9722
0.9734
0.9736
0.9736
0.9732
0.9738
0.9736
0.9732
0.9752
0.975
0.9728
0.9686
0.9692
0.9702
0.9692
0.9674
0.972
0.9684
0.9684
0.964
0.9696
0.9702
0.9708
0.969
0.9696
0.9698
0.9684
0.968
0.9698
0.9698
0.9684
0.968
0.9696
0.97
0.9702
0.9708
0.968
0.9692
0.9704
0.9706
0.9712
0.971
0.9676
0.967
0.9674
0.969
0.9688
0.9696
0.9698
0.9694
0.969
0.9714
0.9728
0.975
0.975
0.9734
0.974
0.974
0.97
0.9704
0.9712
0.9732
0.9726
0.972
0.97
0.9722
0.9704
0.9714
0.973
0.9734
0.9736
0.9736
0.9732
0.973
0.9714
0.9722
0.9686
0.9694
0.9704
0.9738
0.9702
0.9718
0.972
0.9742
0.974
0.974
0.9718
0.9728
0.969
0.9702
0.9706
0.972
0.9708
0.9714
0.9724
0.9722
0.9742
0.9712
0.9704
0.9718
0.966
0.9694
0.9692
0.9676
0.9698
0.9688
0.969
0.9664
0.9662
0.9662
0.9674
0.969
0.9726
0.9722
0.9734
0.9724
0.9712
0.9694
0.9716
0.9716
0.9734
0.9732
0.9708
0.971
0.9646
0.961
0.9638
0.9676
0.969
0.9676
0.973
0.972
0.971
0.9712
0.9718
0.9718
0.973
0.9712
0.9718
0.9714
0.9716
0.9704
0.9734
0.971
0.9708
0.9706
0.9714
0.9714
0.972
0.9736
0.974
0.9728
0.9718
0.9712
0.973
0.9708
0.9684
0.973
0.97
0.9696
0.9704
0.9706
0.97
0.9736
0.9726
0.9712
0.9716
0.973
0.9726
0.9726
0.9714
0.9714
0.9712
0.9728
0.9732
0.9728
0.973
0.9742
0.9734
0.9734
0.9742
0.971
0.971
0.9652
0.9678
0.9734
0.9706
0.9728
0.9726
0.9728
0.972
0.9716
0.9716
0.9722
0.972
0.9716
0.974
0.973
0.9732
0.973
0.9732
0.9732
0.9722
0.9726
0.9724
0.971
0.97
0.9694
0.9722
0.972
0.9712
0.9712
0.969
0.9692
0.9694
0.9716
0.973
0.9722
0.9718
0.972
0.972
0.9714
0.973
0.972
0.9702
0.9706
0.9746
0.974
0.9748
0.9754
0.973
0.9734
0.9742
0.9738
0.9742
0.9746
0.9714
0.9676
0.9666
0.9586
0.9584
0.96
0.9688
0.9686
0.9702
0.9706
0.9688
0.9688
0.9708
0.9706
0.9714
0.9716
0.9728
0.97
0.9706
0.9702
0.9698
0.9714
0.9728
0.9738
0.9732
0.9734
0.9738
0.973
0.9728
0.9736
0.9712
0.9652
0.9664
0.9646
0.9696
0.97
0.97
0.9714
0.971
0.971
0.9722
0.9726
0.9714
0.9712
0.973
0.9734
0.9734
0.9742
0.9744
0.9742
0.975
0.974
0.9742
0.972
0.973
0.971
0.9726
0.9726
0.972
0.973
0.9692
0.9716
0.9712
0.9714
0.9712
0.9728
0.9728
0.9728
0.9696
0.9708
0.971
0.9694
0.9646
0.9702
0.9708
0.972
0.9724
0.9722
0.9718
0.972
0.9724
0.9738
0.9734
0.9736
0.9738
0.9738
0.974
0.9758
0.9748
0.974
0.975
0.9758
0.9758
0.975
0.9706
0.9722
0.9746
0.9714
0.9708
0.9718
0.9712
0.9702
0.9702
0.97
0.97
0.9698
0.9688
0.9688
0.9708
0.9668
0.9766
0.973
0.9718
0.9728
0.9758
0.9762
0.976
0.9762
0.976
0.9744
0.9744
0.9746
0.975
0.9752
0.9754
0.9748
0.975
0.9752
0.9752
0.9728
0.973
0.9712
0.9714
0.973
0.969
0.969
0.97
0.9716
0.9706
0.9716
0.9716
0.9742
0.974
0.9722
0.973
0.9726
0.9722
0.9722
0.9718
0.9736
0.9736
0.9698
0.971
0.9718
0.9724
0.9702
0.971
0.9722
0.9722
0.9712
0.9692
0.9716
0.972
0.9724
0.9704
0.9594
0.963
0.9686
0.9708
0.9702
0.9648
0.97
0.97
0.9704
0.9708
0.9714
0.9712
0.972
0.9716
0.9708
0.9716
0.9714
0.9716
0.9724
0.969
0.969
0.9688
0.9684
0.9698
0.967
0.9708
0.9722
0.972
0.9706
0.9688
0.9692
0.9678
0.966
0.9646
0.9708
0.9712
0.9704
0.9712
0.971
0.97
0.972
0.9708
0.969
0.9704
0.9674
0.9694
0.9696
0.9712
0.971
0.9712
0.9702
0.9664
0.9686
0.9694
0.9688
0.9698
0.9698
0.9702
0.9698
0.9698
0.9668
0.9674
0.9666
0.9648
0.9682
0.9688
0.9688
0.9688
0.9668
0.9686
0.9704
0.9698
0.9696
0.9706
0.972
0.97
0.9724
0.9714
0.9736
0.972
0.971
0.971
0.9702
0.9732
0.972
0.9724
0.9722
0.9716
0.9714
0.9746
0.9746
0.9736
0.9736
0.9736
0.9754
0.9726
0.9728
0.9712
0.9712
0.9718
0.9718
0.973
0.9712
0.9686
0.9678
0.9686
0.9688
0.9682
0.9708
0.971
0.9706
0.9726
0.972
0.9724
0.9728
0.9728
0.9728
0.9698
0.971
0.9714
0.9702
0.9714
0.971
0.971
0.9716
0.9726
0.9712
0.9718
0.9724
0.9732
0.9738
0.9738
0.9738
0.9732
0.969
0.9706
0.9706
0.9708
0.9684
0.972
0.9726
0.971
0.971
0.973
0.973
0.9732
0.9722
0.9722
0.9704
0.9734
0.968
0.968
0.9682
0.9708
0.9702
0.97
0.9698
0.9694
0.9678
0.9688
0.9652
0.9688
0.9674
0.9668
0.971
0.9726
0.9728
0.9728
0.973
0.9726
0.9724
0.9718
0.9692
0.9694
0.9714
0.9714
0.9714
0.972
0.9716
0.973
0.9722
0.9698
0.97
0.9706
0.9728
0.9728
0.9722
0.9716
0.9692
0.9708
0.9716
0.972
0.973
0.9732
0.973
0.9722
0.9726
0.9724
0.9716
0.971
0.9706
0.9722
0.972
0.9696
0.97
0.9702
0.9706
0.9692
0.9696
0.9688
0.9688
0.97
0.97
0.9682
0.969
0.9696
0.9684
0.97
0.9686
0.968
0.9706
0.9704
0.9724
0.9722
0.9728
0.9728
0.9736
0.972
0.9726
0.973
0.973
0.9722
0.9714
0.9716
0.9716
0.9698
0.9724
0.9728
0.9722
0.9708
0.9718
0.9726
0.973
0.9712
0.9704
0.9718
0.9724
0.9726
0.9716
0.9722
0.9702
0.9702
0.9732
0.9734
0.9728
0.973
0.975
0.9738
0.974
0.9746
0.9746
0.9754
0.9758
0.9726
0.9736
0.973
0.973
0.973
0.9734
0.9734
0.9748
0.9724
0.972
0.9716
0.9728
0.9724
0.9724
0.9686
0.9688
0.972
0.9722
0.9722
0.9704
0.9708
0.969
0.9698
0.973
0.9728
0.9694
0.9694
0.9688
0.9684
0.9694
0.9698
0.9684
0.9664
0.9684
0.9684
0.96
0.9672
0.9692
0.9698
0.9686
0.9682
0.9654
0.9658
0.9694
0.9632
0.96
0.971
0.9726
0.9718
0.9722
0.9744
0.9734
0.9736
0.9704
0.9718
0.9714
0.9724
0.9716
0.9722
0.9724
0.9722
0.972
0.9676
0.971
0.9684
0.9698
0.9664
0.971
0.9724
0.971
0.9712
0.9722
0.9696
0.9696
0.9708
0.9704
0.9704
0.9732
0.9734
0.9724
0.9736
0.9728
0.9686
0.9708
0.9708
0.971
0.9706
0.974
0.975
0.9736
0.971
0.9728
0.9732
0.9712
0.9696
0.9664
0.9674
0.9638
0.9632
0.9718
0.9712
0.9718
0.9734
0.9732
0.9734
0.9728
0.9736
0.974
0.9744
0.974
0.9726
0.971
0.9744
0.9744
0.9732
0.9734
0.9734
0.9732
0.9738
0.9742
0.9744
0.9744
0.9722
0.9738
0.9738
0.9736
0.9726
0.972
0.9746
0.9744
0.9738
0.9712
0.9726
0.9734
0.9734
0.973
0.9734
0.9726
0.9722
0.974
0.9742
0.9742
0.9736
0.9724
0.9734
0.9734
0.9734
0.9732
0.9724
0.9728
0.9732
0.9718
0.972
0.9728
0.9738
0.9746
0.9726
0.973
0.9728
0.9738
0.9732
0.9736
0.9712
0.9726
0.9732
0.9734
0.9734
0.973
0.9726
0.975
0.974
0.9748
0.9744
0.969
0.969
0.9716
0.9716
0.9708
0.9718
0.9718
0.9722
0.9732
0.9722
0.9702
0.9704
0.9708
0.9722
0.9748
0.9752
0.974
0.9742
0.9738
0.9736
0.9744
0.9744
0.974
0.9736
0.9738
0.9744
0.9754
0.9734
0.9704
0.972
0.9724
0.9738
0.969
0.9688
0.9716
0.9712
0.97
0.969
0.9708
0.9714
0.9712
0.9722
0.972
0.9732
0.9696
0.9704
0.9702
0.9712
0.9726
0.975
0.9752
0.9744
0.9728
0.9726
0.9728
0.973
0.9704
0.9724
0.9728
0.973
0.9726
0.973
0.9704
0.9718
0.9714
0.9716
0.9698
0.9698
0.9692
0.9692
0.9726
0.9742
0.9732
0.9724
0.9732
0.9728
0.9734
0.9748
0.9744
0.9694
0.9734
0.9736
0.9736
0.9738
0.9734
0.973
0.9736
0.9732
0.9722
0.9736
0.9742
0.974
0.974
0.9738
0.9754
0.9754
0.9754
0.9742
0.9738
0.9722
0.9732
0.9758
0.9764
0.9762
0.9758
0.9762
0.9746
0.9746
0.9772
0.9758
0.9708
0.9714
0.9718
0.9714
0.9726
0.9702
0.973
0.9714
0.969
0.9696
0.9732
0.9744
0.9754
0.9754
0.9754
0.9722
0.9696
0.9682
0.969
0.9712
0.973
0.9724
0.9726
0.973
0.9736
0.9728
0.9746
0.9724
0.9754
0.975
0.9752
0.9728
0.9732
0.971
0.9664
0.9698
0.972
0.9724
0.9716
0.9718
0.9722
0.9734
0.9734
0.9728
0.973
0.973
0.9734
0.9734
0.9708
0.9706
0.9714
0.9726
0.9728
0.9668
0.9686
0.9734
0.9726
0.9736
0.9738
0.9744
0.974
0.9746
0.974
0.9742
0.974
0.9744
0.9724
0.9726
0.9736
0.9734
0.9736
0.975
0.975
0.9742
0.9724
0.9726
0.973
0.9732
0.975
0.973
0.9722
0.9718
0.9748
0.9736
0.9742
0.9738
0.9732
0.9732
0.9694
0.961
0.9634
0.9674
0.9674
0.9676
0.9498
0.95
0.9672
0.9712
0.9726
0.9712
0.9732
0.9738
0.9698
0.9708
0.9716
0.973
0.974
0.9708
0.9712
0.9728
0.9746
0.9746
0.9748
0.974
0.9736
0.9746
0.9752
0.9758
0.975
0.9744
0.9754
0.975
0.975
0.9752
0.9738
0.975
0.976
0.9738
0.9732
0.9694
0.974
0.973
0.972
0.9728
0.9714
0.973
0.9728
0.9716
0.9712
0.9712
0.9744
0.9734
0.9718
0.9712
0.9676
0.9668
0.9704
0.9716
0.9728
0.9672
0.9712
0.9702
0.9708
0.9706
0.9736
0.9742
0.9728
0.9732
0.9736
0.9736
0.9704
0.9656
0.968
0.969
0.9686
0.9734
0.9716
0.9716
0.966
0.9676
0.9688
0.9686
0.9744
0.9712
0.9682
0.9758
0.9736
0.9746
0.9748
0.975
0.9752
0.9748
0.975
0.9752
0.974
0.971
0.9722
0.9728
0.9734
0.9734
0.9734
0.974
0.9744
0.9742
0.9734
0.9754
0.9752
0.975
0.9744
0.9746
0.9746
0.9736
0.9744
0.9748
0.9744
0.9738
0.9748
0.9738
0.9748
0.969
0.9742
0.9746
0.9732
0.9736
0.9732
0.9738
0.9748
0.974
0.9746
0.9738
0.974
0.9706
0.9714
0.9712
0.9714
0.9724
0.9748
0.9716
0.9708
0.9712
0.9722
0.9734
0.9734
0.97
0.9712
0.9726
0.9732
0.9742
0.9742
0.9744
0.9746
0.9748
0.9746
0.9764
0.9768
0.9748
0.9764
0.9766
0.9766
0.9728
0.973
0.973
0.9752
0.9756
0.9754
0.9762
0.977
0.9768
0.978
0.978
0.9778
0.9758
0.9748
0.9768
0.9768
0.9762
0.9748
0.9756
0.9752
0.9746
0.9756
0.974
0.9744
0.9746
0.9756
0.9756
0.9758
0.9754
0.9758
0.9764
0.9768
0.9768
0.9758
0.9756
0.9758
0.976
0.9764
0.9762
0.9756
0.9734
0.973
0.9734
0.972
0.9736
0.9738
0.974
0.9748
0.975
0.9758
0.975
0.9746
0.974
0.9736
0.9736
0.9738
0.9764
0.975
0.9758
0.9736
0.974
0.973
0.9756
0.972
0.9722
0.9722
0.9722
0.972
0.9752
0.9752
0.9724
0.9724
0.9724
0.9726
0.9742
0.973
0.9748
0.9732
0.9744
0.9752
0.9746
0.9746
0.971
0.9706
0.9712
0.9716
0.9716
0.9738
0.9712
0.9724
0.973
0.9732
0.974
0.9742
0.9732
0.9732
0.9732
0.9736
0.9732
0.9744
0.9746
0.9748
0.9748
0.9722
0.9708
0.9708
0.971
0.9712
0.9714
0.9732
0.9742
0.9744
0.9724
0.9732
0.9728
0.974
0.974
0.9736
0.976
0.9762
0.9762
0.9768
0.975
0.9748
0.9762
0.9764
0.9752
0.9762
0.9764
0.9752
0.9724
0.9706
0.971
0.9734
0.9736
0.9736
0.9712
0.9712
0.9736
0.9734
0.9732
0.973
0.9728
0.9736
0.9742
0.9738
0.9734
0.9722
0.9702
0.9712
0.9742
0.9746
0.9748
0.9756
0.972
0.9724
0.973
0.9742
0.9736
0.975
0.9734
0.9742
0.9722
0.9622
0.9684
0.9624
0.9704
0.9706
0.968
0.971
0.9726
0.973
0.9716
0.9706
0.972
0.9672
0.9718
0.9722
0.9724
0.9732
0.9714
0.9732
0.974
0.9738
0.9748
0.976
0.9754
0.9758
0.975
0.9666
0.9714
0.9714
0.9714
0.9752
0.9748
0.9748
0.9732
0.976
0.9748
0.976
0.976
0.9754
0.9768
0.9766
0.9764
0.9736
0.9728
0.975
0.9734
0.9742
0.9744
0.9752
0.9768
0.9762
0.9764
0.9764
0.975
0.9746
0.9748
0.9752
0.9756
0.9758
0.976
0.9762
0.976
0.9742
0.9734
0.9728
0.973
0.9692
0.9694
0.9734
0.971
0.9704
0.9738
0.9746
0.9756
0.974
0.974
0.9736
0.9742
0.9734
0.9728
0.9722
0.9706
0.9724
0.972
0.9732
0.9716
0.972
0.971
0.9702
0.9726
0.9722
0.9716
0.9724
0.9736
0.9738
0.9738
0.9734
0.9738
0.9742
0.9738
0.9742
0.976
0.9752
0.9758
0.9766
0.9724
0.973
0.9726
0.9722
0.9724
0.9736
0.973
0.9728
0.9738
0.9732
0.9744
0.9704
0.9704
0.9752
0.9752
0.975
0.9754
0.9748
0.975
0.9738
0.9736
0.9724
0.975
0.975
0.9742
0.9754
0.9738
0.9742
0.9712
0.9742
0.9746
0.9742
0.9736
0.9734
0.974
0.9748
0.9726
0.9738
0.9738
0.9746
0.9742
0.9742
0.9724
0.9726
0.973
0.9728
0.973
0.9752
0.9744
0.974
0.9742
0.9742
0.9752
0.9752
0.9744
0.9742
0.9734
0.9738
0.9732
0.9738
0.9738
0.9732
0.9732
0.9736
0.9744
0.9738
0.9736
0.973
0.9726
0.9728
0.9728
0.9736
0.9734
0.9734
0.974
0.974
0.9746
0.976
0.9768
0.977
0.9742
0.9756
0.9754
0.9768
0.9772
0.9766
0.9758
0.9756
0.976
0.9764
0.975
0.97
0.9702
0.9714
0.9672
0.9682
0.9716
0.9724
0.9724
0.9726
0.9704
0.9702
0.9714
0.9706
0.9716
0.9724
0.972
0.9758
0.9766
0.9758
0.976
0.9754
0.9756
0.9762
0.9744
0.974
0.9744
0.9754
0.9754
0.9754
0.9756
0.9756
0.9732
0.9732
0.9728
0.9732
0.974
0.974
0.974
0.9694
0.9692
0.9736
0.9764
0.9756
0.9768
0.9764
0.976
0.9762
0.973
0.9778
0.9778
0.97
0.9684
0.9716
0.9744
0.9746
0.9768
0.976
0.9758
0.9752
0.975
0.976
0.9768
0.9768
0.9772
0.9764
0.9756
0.9694
0.9602
0.9668
0.971
0.9736
0.9744
0.9708
0.9706
0.9738
0.9748
0.9764
0.9764
0.9768
0.9768
0.9768
0.9754
0.9754
0.9752
0.9754
0.9752
0.9734
0.9718
0.9676
0.9676
0.9692
0.969
0.971
0.9728
0.9744
0.974
0.9746
0.9756
0.9774
0.9774
0.977
0.973
0.9722
0.9726
0.9742
0.9744
0.9754
0.9728
0.976
0.9754
0.974
0.9738
0.9716
0.9746
0.975
0.9702
0.972
0.9728
0.9724
0.9732
0.9728
0.9754
0.974
0.971
0.976
0.9782
0.978
0.9772
0.9772
0.9768
0.9772
0.9764
0.9762
0.9764
0.9748
0.974
0.974
0.9742
0.975
0.9758
0.9758
0.9746
0.9758
0.9756
0.9756
0.9768
0.9764
0.9714
0.975
0.974
0.9766
0.977
0.9756
0.9744
0.9742
0.9724
0.9726
0.9724
0.9726
0.9736
0.974
0.9764
0.9766
0.9742
0.9742
0.9736
0.9744
0.976
0.9752
0.9752
0.974
0.973
0.9752
0.9738
0.9744
0.9748
0.9752
0.975
0.9764
0.9732
0.9732
0.9686
0.9708
0.969
0.9768
0.9762
0.974
0.9744
0.973
0.9726
0.9738
0.9746
0.974
0.9754
0.9754
0.976
0.9758
0.9758
0.973
0.9728
0.9646
0.9682
0.9694
0.9704
0.9712
0.975
0.973
0.9726
0.9722
0.972
0.972
0.9734
0.9738
0.9746
0.974
0.9738
0.9754
0.9766
0.9766
0.9764
0.9732
0.9732
0.973
0.9714
0.9722
0.9716
0.9726
0.9722
0.9724
0.9676
0.9684
0.9702
0.9732
0.973
0.974
0.9702
0.9704
0.9666
0.9672
0.9676
0.9726
0.9704
0.9704
0.9718
0.9726
0.9716
0.9714
0.9716
0.9718
0.9728
0.9718
0.9716
0.9724
0.9724
0.9742
0.974
0.9738
0.9732
0.9748
0.975
0.9734
0.9732
0.9738
0.9722
0.9724
0.9728
0.9734
0.973
0.9726
0.9664
0.9676
0.9692
0.9724
0.974
0.9746
0.9738
0.9756
0.975
0.975
0.9736
0.9718
0.9726
0.9728
0.973
0.9728
0.9752
0.975
0.9738
0.9722
0.9706
0.9716
0.972
0.9714
0.9728
0.972
0.9734
0.975
0.977
0.9764
0.976
0.9736
0.9748
0.9744
0.9736
0.972
0.9736
0.9744
0.9762
0.976
0.9742
0.9738
0.9752
0.9748
0.9748
0.9772
0.9762
0.9772
0.9766
0.9774
0.9774
0.9774
0.978
0.9778
0.9762
0.9746
0.9762
0.9766
0.9766
0.9764
0.9756
0.9756
0.9738
0.9736
0.9746
0.9764
0.9736
0.9726
0.973
0.974
0.974
0.9738
0.975
0.975
0.9726
0.9736
0.9732
0.9754
0.9754
0.9748
0.9762
0.977
0.978
0.9764
0.9748
0.975
0.9744
0.9752
0.9772
0.9764
0.978
0.9774
0.977
0.9754
0.9752
0.9752
0.9706
0.97
0.9708
0.9716
0.972
0.9726
0.9736
0.9734
0.9736
0.9742
0.9772
0.977
0.9768
0.9764
0.9768
0.9756
0.9766
0.976
0.977
0.9768
0.977
0.9766
0.9768
0.9786
0.9788
0.978
0.978
0.978
0.978
0.977
0.9766
0.9764
0.9744
0.9756
0.976
0.9756
0.9772
0.975
0.9766
0.9776
0.9752
0.977
0.977
0.9762
0.9742
0.9752
0.9772
0.9772
0.9764
0.973
0.9726
0.972
0.9726
0.9722
0.9722
0.9726
0.9728
0.9724
0.9716
0.9708
0.9736
0.972
0.9744
0.9718
0.9734
0.9736
0.974
0.9758
0.9746
0.974
0.9748
0.9742
0.9746
0.9728
0.9724
0.9754
0.9766
0.9764
0.9748
0.9752
0.9758
0.976
0.9756
0.9748
0.9758
0.9746
0.9748
0.9748
0.975
0.9748
0.9744
0.9748
0.975
0.976
0.976
0.9752
0.9738
0.9734
0.9758
0.9756
0.9752
0.9764
0.9754
0.975
0.9742
0.9726
0.9746
0.9748
0.9752
0.975
0.9756
0.974
0.977
0.9764
0.9764
0.9764
0.9726
0.9736
0.9734
0.974
0.9738
0.9738
0.9622
0.9668
0.9686
0.9732
0.9728
0.9736
0.9706
0.9714
0.9718
0.9744
0.9748
0.9754
0.9764
0.9766
0.9766
0.976
0.977
0.978
0.9782
0.9766
0.9764
0.9756
0.975
0.9756
0.9756
0.975
0.9762
0.9762
0.9768
0.9766
0.9764
0.9772
0.977
0.9728
0.9742
0.9758
0.9752
0.972
0.9722
0.9652
0.975
0.9756
0.9782
0.9788
0.978
0.979
0.977
0.9778
0.9774
0.9734
0.974
0.9744
0.9758
0.974
0.9746
0.975
0.9752
0.975
0.975
0.9768
0.9774
0.9764
0.9774
0.9782
0.9782
0.9752
0.9766
0.9762
0.9758
0.976
0.9748
0.9782
0.9774
0.9766
0.9786
0.9766
0.9764
0.9748
0.9742
0.9754
0.974
0.9752
0.9754
0.9758
0.9742
0.9748
0.9752
0.9744
0.9744
0.9744
0.9758
0.9762
0.9764
0.9772
0.9772
0.977
0.977
0.9758
0.9748
0.9746
0.9758
0.9758
0.9734
0.9732
0.9732
0.9684
0.9716
0.9714
0.9702
0.9724
0.972
0.972
0.9728
0.9738
0.9736
0.9738
0.9738
0.9752
0.9676
0.9722
0.9734
0.976
0.9754
0.9744
0.9774
0.976
0.974
0.9734
0.969
0.971
0.9774
0.977
0.9774
0.9754
0.9756
0.976
0.9754
0.976
0.9766
0.974
0.9746
0.974
0.9744
0.975
0.9762
0.9762
0.975
0.9744
0.9736
0.9748
0.9746
0.975
0.975
0.9748
0.9752
0.9766
0.9758
0.976
0.9748
0.9746
0.9698
0.9732
0.9706
0.9722
0.9732
0.9756
0.9754
0.9764
0.9746
0.974
0.9722
0.976
0.974
0.9728
0.9724
0.9738
0.974
0.9724
0.974
0.9768
0.9768
0.9746
0.975
0.9754
0.9752
0.9768
0.9752
0.9708
0.972
0.9722
0.9736
0.9744
0.9726
0.9726
0.9732
0.9732
0.9736
0.9742
0.9744
0.9744
0.9748
0.9748
0.9752
0.9754
0.9758
0.975
0.9752
0.9754
0.9766
0.9766
0.9772
0.9764
0.9766
0.9764
0.9762
0.9766
0.9768
0.9786
0.9774
0.9774
0.9742
0.9746
0.9756
0.9746
0.9748
0.9746
0.9748
0.9752
0.9748
0.9754
0.9758
0.9754
0.9752
0.9752
0.9758
0.9756
0.9758
0.9752
0.9756
0.9756
0.976
0.976
0.9766
0.9766
0.9772
0.9776
0.9772
0.977
0.965
0.9694
0.971
0.9696
0.968
0.972
0.9734
0.9762
0.9772
0.9768
0.9768
0.9768
0.9766
0.9766
0.9766
0.9764
0.9766
0.976
0.9762
0.9764
0.977
0.9758
0.977
0.9772
0.9762
0.9774
0.9758
0.9754
0.9756
0.9738
0.9754
0.9758
0.9772
0.9772
0.9764
0.9784
0.9772
0.9774
0.9774
0.9778
0.9768
0.9762
0.9778
0.9764
0.9768
0.977
0.9768
0.977
0.9714
0.9698
0.9706
0.971
0.973
0.974
0.9744
0.975
0.9752
0.9784
0.9776
0.9786
0.976
0.976
0.977
0.9774
0.9774
0.9776
0.9776
0.9772
0.976
0.9762
0.9766
0.9768
0.9756
0.977
0.9768
0.9764
0.977
0.9772
0.977
0.977
0.976
0.9776
0.9766
0.9768
0.9756
0.977
0.9762
0.9758
0.973
0.972
0.9726
0.9722
0.9726
0.9758
0.9754
0.9756
0.9754
0.9754
0.975
0.9752
0.9758
0.976
0.9754
0.975
0.9754
0.9752
0.9754
0.9752
0.9746
0.9758
0.9758
0.976
0.9758
0.9766
0.9766
0.9772
0.9772
0.9774
0.9768
0.9764
0.9776
0.9772
0.9772
0.9766
0.9772
0.9776
0.9776
0.9774
0.9764
0.9768
0.9768
0.9774
0.9774
0.9772
0.9782
0.9776
0.9776
0.9772
0.9778
0.9778
0.9772
0.9774
0.9774
0.9762
0.9782
0.9784
0.9788
0.9774
0.9766
0.9768
0.9762
0.9766
0.977
0.9758
0.976
0.9746
0.9758
0.9758
0.9778
0.9778
0.9776
0.9784
0.9746
0.9732
0.9748
0.9744
0.9744
0.9738
0.9722
0.9732
0.9732
0.9732
0.9744
0.9748
0.9758
0.9778
0.9762
0.9758
0.976
0.9776
0.9744
0.9746
0.9772
0.9774
0.9774
0.977
0.9782
0.9794
0.9798
0.9792
0.9794
0.9788
0.9786
0.9786
0.9784
0.9782
0.9782
0.9782
0.9776
0.9774
0.9776
0.9774
0.9772
0.977
0.9772
0.9748
0.9772
0.9772
0.9754
0.9758
0.9754
0.9776
0.9782
0.9774
0.9778
0.9776
0.9778
0.9766
0.9772
0.9774
0.9748
0.9726
0.9742
0.9744
0.973
0.9748
0.976
0.9766
0.975
0.9758
0.976
0.9754
0.9766
0.9772
0.9776
0.9778
0.9776
0.9706
0.9744
0.9746
0.9768
0.9766
0.977
0.9774
0.9776
0.9776
0.977
0.9774
0.9764
0.9764
0.9754
0.9764
0.9764
0.9768
0.9764
0.9746
0.972
0.9732
0.974
0.9752
0.9752
0.975
0.9748
0.9752
0.9724
0.9762
0.9734
0.9748
0.9748
0.9738
0.9748
0.9714
0.9732
0.9696
0.9716
0.9718
0.972
0.972
0.9722
0.9702
0.9706
0.9718
0.973
0.9732
0.9698
0.97
0.9726
0.9722
0.9724
0.9738
0.972
0.9734
0.974
0.9718
0.9764
0.9762
0.9762
0.9766
0.9766
0.9764
0.9766
0.9774
0.9722
0.974
0.9766
0.9746
0.9756
0.9758
0.976
0.9762
0.979
0.9794
0.9774
0.9784
0.9776
0.9766
0.9756
0.9756
0.9744
0.9754
0.9718
0.9754
0.9768
0.9732
0.9726
0.9734
0.9734
0.9752
0.9754
0.9732
0.9732
0.9732
0.9734
0.9732
0.9754
0.9742
0.9752
0.9736
0.9736
0.974
0.974
0.974
0.975
0.975
0.975
0.9758
0.976
0.9766
0.9762
0.9768
0.977
0.9776
0.9768
0.9762
0.9758
0.9716
0.9736
0.9736
0.9772
0.978
0.9744
0.9756
0.9766
0.9754
0.9756
0.978
0.978
0.9768
0.978
0.9778
0.9776
0.978
0.9772
0.9746
0.977
0.9788
0.979
0.9792
0.9796
0.9794
0.9768
0.976
0.97
0.969
0.9694
0.969
0.9694
0.9662
0.9702
0.9708
0.9752
0.9748
0.975
0.9756
0.9764
0.9734
0.9732
0.9742
0.9758
0.9756
0.9758
0.9758
0.9762
0.9774
0.9764
0.9752
0.9776
0.9788
0.9766
0.9776
0.9738
0.9772
0.978
0.9768
0.9758
0.9764
0.9752
0.975
0.9752
0.9748
0.9768
0.9744
0.9756
0.9754
0.9788
0.9786
0.9784
0.9774
0.9774
0.9758
0.976
0.977
0.9766
0.9774
0.9764
0.976
0.978
0.9782
0.9772
0.978
0.9788
0.9784
0.978
0.9782
0.979
0.9762
0.977
0.9768
0.975
0.977
0.9774
0.9778
0.977
0.977
0.9758
0.9746
0.9776
0.9776
0.978
0.9772
0.9786
0.9792
0.9756
0.9754
0.9762
0.9766
0.9762
0.9762
0.9774
0.9774
0.9778
0.9796
0.9792
0.9794
0.9772
0.9774
0.9772
0.9772
0.9772
0.9666
0.9674
0.9716
0.9714
0.97
0.9714
0.9774
0.9778
0.9774
0.9772
0.978
0.9758
0.978
0.978
0.9788
0.979
0.979
0.9794
0.9788
0.9758
0.9772
0.977
0.9778
0.978
0.9796
0.9794
0.978
0.978
0.9744
0.9752
0.9762
0.9764
0.9772
0.9772
0.9766
0.9764
0.977
0.977
0.9762
0.976
0.9776
0.9774
0.9774
0.9774
0.9768
0.9774
0.977
0.9786
0.978
0.9774
0.9766
0.9768
0.9778
0.9784
0.9768
0.9774
0.9736
0.974
0.977
0.9774
0.977
0.9772
0.9794
0.9794
0.9794
0.9788
0.9796
0.9796
0.9788
0.9784
0.9786
0.979
0.979
0.9786
0.9786
0.9794
0.9796
0.973
0.974
0.9764
0.9762
0.9778
0.9782
0.978
0.978
0.9764
0.9768
0.9764
0.9786
0.9742
0.9732
0.9756
0.9732
0.965
0.969
0.977
0.978
0.9792
0.9794
0.9782
0.979
0.9728
0.973
0.9736
0.9736
0.9732
0.9748
0.9748
0.9756
0.9758
0.9746
0.973
0.977
0.9772
0.9788
0.9784
0.9784
0.9784
0.979
0.978
0.9798
0.9744
0.978
0.976
0.9756
0.969
0.9696
0.9676
0.9704
0.9692
0.9696
0.9692
0.9674
0.9708
0.9718
0.9776
0.9764
0.9774
0.975
0.9748
0.976
0.9768
0.9768
0.977
0.9776
0.9778
0.9768
0.9752
0.9782
0.9756
0.9758
0.9754
0.9736
0.9742
0.9744
0.975
0.9766
0.9766
0.9778
0.9754
0.9762
0.9764
0.9796
0.9792
0.9786
0.9788
0.9782
0.979
0.9756
0.976
0.9716
0.9756
0.975
0.9764
0.9766
0.9768
0.9772
0.9754
0.9758
0.9756
0.9772
0.9774
0.9708
0.975
0.9754
0.9732
0.9762
0.972
0.9736
0.9752
0.9738
0.979
0.9788
0.9792
0.9786
0.9792
0.9772
0.977
0.977
0.9772
0.9764
0.963
0.9708
0.971
0.971
0.972
0.9726
0.9748
0.9748
0.9756
0.9768
0.976
0.9764
0.9718
0.9722
0.9732
0.9762
0.9762
0.975
0.9748
0.974
0.9738
0.9742
0.9706
0.971
0.9726
0.971
0.9746
0.974
0.9716
0.976
0.9758
0.975
0.9698
0.9712
0.9714
0.9696
0.972
0.9714
0.9736
0.9756
0.976
0.9768
0.9772
0.976
0.9762
0.976
0.9762
0.9672
0.969
0.9684
0.976
0.9752
0.9762
0.9776
0.9778
0.9774
0.9756
0.9768
0.9774
0.9754
0.9752
0.9752
0.9768
0.9772
0.9752
0.9742
0.9754
0.975
0.9764
0.9752
0.9762
0.9756
0.9744
0.9734
0.9744
0.9742
0.9762
0.9764
0.9764
0.9762
0.9754
0.9746
0.976
0.9792
0.9782
0.9772
0.9778
0.9776
0.9802
0.9802
0.9794
0.98
0.9794
0.9778
0.977
0.9772
0.9778
0.9752
0.974
0.974
0.9758
0.9752
0.9748
0.9752
0.975
0.9754
0.9752
0.9754
0.9758
0.976
0.9744
0.9744
0.9742
0.9738
0.9776
0.9784
0.9792
0.9792
0.9788
0.9774
0.9776
0.9778
0.9782
0.9786
0.9776
0.9778
0.9784
0.979
0.9788
0.9776
0.9776
0.9786
0.9754
0.9768
0.9732
0.976
0.975
0.9778
0.9782
0.977
0.977
0.976
0.9778
0.9784
0.9786
0.9784
0.9782
0.9784
0.9762
0.9792
0.9784
0.979
0.976
0.9772
0.9742
0.9768
0.9774
0.9796
0.979
0.9788
0.9788
0.9798
0.9792
0.9774
0.978
0.9782
0.9776
0.9792
0.9756
0.9764
0.9768
0.9776
0.9766
0.9778
0.9794
0.9792
0.9796
0.9738
0.9754
0.9776
0.9762
0.9764
0.9776
0.9786
0.9778
0.9776
0.9776
0.9802
0.9778
0.9778
0.9772
0.9774
0.9778
0.9784
0.9748
0.9778
0.978
0.9776
0.9778
0.9778
0.974
0.9754
0.976
0.9758
0.9776
0.978
0.978
0.9804
0.9798
0.9796
0.979
0.9792
0.9786
0.979
0.9794
0.9794
0.9792
0.9792
0.9794
0.9774
0.978
0.9778
0.9778
0.9784
0.979
0.9786
0.978
0.9784
0.9776
0.9766
0.9768
0.9768
0.977
0.977
0.977
0.9766
0.9716
0.972
0.9728
0.9702
0.9704
0.9724
0.9722
0.9724
0.9694
0.971
0.9714
0.973
0.9778
0.9788
0.979
0.9788
0.9792
0.9792
0.9792
0.9794
0.9792
0.979
0.979
0.9778
0.9784
0.9784
0.9782
0.9782
0.9786
0.9788
0.9784
0.9778
0.9724
0.9726
0.9724
0.9772
0.9774
0.9774
0.978
0.9768
0.9744
0.9746
0.9764
0.9766
0.978
0.9782
0.9784
0.9784
0.9786
0.978
0.9768
0.977
0.9772
0.9774
0.9774
0.9774
0.9776
0.9792
0.979
0.9804
0.9804
0.9766
0.9774
0.9776
0.9802
0.9778
0.9774
0.9804
0.98
0.98
0.9806
0.9796
0.9796
0.9798
0.9798
0.9798
0.979
0.9782
0.9756
0.9756
0.9774
0.9776
0.9766
0.9766
0.9768
0.9784
0.9768
0.9786
0.9778
0.978
0.9788
0.978
0.9758
0.9778
0.9772
0.98
0.9792
0.9786
0.979
0.9784
0.9788
0.9786
0.9794
0.9794
0.9794
0.9794
0.9758
0.9762
0.976
0.9764
0.9762
0.9764
0.9774
0.9748
0.977
0.9772
0.9768
0.976
0.9768
0.9772
0.9756
0.9752
0.9756
0.9738
0.9762
0.9762
0.9764
0.977
0.9782
0.9784
0.9788
0.979
0.979
0.9788
0.9788
0.978
0.9788
0.9786
0.9786
0.9782
0.9784
0.9778
0.9776
0.9782
0.9788
0.9788
0.978
0.9778
0.9782
0.9798
0.9798
0.9798
0.9804
0.9784
0.9772
0.9786
0.9782
0.9764
0.9746
0.9782
0.98
0.9768
0.9768
0.9744
0.9754
0.9754
0.9754
0.9758
0.9634
0.9732
0.971
0.9752
0.9744
0.9702
0.9714
0.9726
0.9738
0.9722
0.9726
0.9758
0.9758
0.977
0.9754
0.9768
0.9768
0.9776
0.9778
0.977
0.9772
0.978
0.978
0.9766
0.9776
0.9768
0.975
0.9752
0.9736
0.9742
0.9746
0.9746
0.975
0.9762
0.9762
0.9762
0.9754
0.976
0.976
0.9774
0.9774
0.9786
0.9782
0.9778
0.978
0.978
0.9812
0.9784
0.9784
0.9752
0.9752
0.9758
0.9736
0.9736
0.9736
0.9732
0.9756
0.9734
0.9734
0.9736
0.9762
0.9774
0.9778
0.9796
0.9752
0.9752
0.9716
0.9726
0.975
0.9782
0.9776
0.9782
0.9768
0.978
0.978
0.9778
0.9774
0.9772
0.9776
0.9782
0.9774
0.9774
0.9758
0.974
0.9748
0.9768
0.9754
0.9764
0.978
0.979
0.979
0.978
0.9784
0.9778
0.9784
0.9774
0.9778
0.977
0.9774
0.9776
0.9768
0.9776
0.9792
0.9788
0.979
0.9786
0.9784
0.9762
0.9766
0.9772
0.9776
0.9782
0.978
0.9772
0.9772
0.977
0.9754
0.9744
0.975
0.9752
0.9786
0.9786
0.9788
0.9784
0.9788
0.9778
0.9776
0.9782
0.9784
0.9776
0.9792
0.9778
0.9768
0.9746
0.9746
0.9742
0.9764
0.977
0.9782
0.979
0.979
0.9744
0.975
0.9778
0.9742
0.9734
0.9766
0.979
0.9794
0.9796
0.9816
0.9808
0.9808
0.9808
0.9778
0.9778
0.9774
0.9776
0.9772
0.9786
0.9798
0.9798
0.98
0.9796
0.9794
0.9798
0.9798
0.98
0.98
0.9794
0.9796
0.9796
0.98
0.979
0.9772
0.9772
0.9774
0.9772
0.977
0.9772
0.9772
0.9784
0.9778
0.978
0.9766
0.9772
0.9772
0.977
0.9774
0.9764
0.976
0.978
0.979
0.9782
0.9774
0.9772
0.9774
0.9746
0.9752
0.9774
0.9772
0.978
0.9784
0.978
0.978
0.978
0.9782
0.9776
0.9776
0.9778
0.978
0.9778
0.976
0.9764
0.9766
0.977
0.9764
0.9764
0.9752
0.9744
0.9742
0.9746
0.973
0.973
0.9742
0.9762
0.977
0.9778
0.9766
0.98
0.9802
0.9792
0.9792
0.9794
0.9768
0.975
0.9766
0.9772
0.9772
0.9768
0.9768
0.9776
0.9766
0.9774
0.9776
0.9778
0.979
0.9796
0.978
0.9784
0.979
0.9784
0.9784
0.9778
0.9778
0.9766
0.9784
0.978
0.9778
0.9788
0.978
0.978
0.978
0.9782
0.9782
0.978
0.979
0.9774
0.9776
0.978
0.979
0.9792
0.9786
0.978
0.9796
0.9784
0.978
0.9776
0.9786
0.9788
0.9772
0.9766
0.9772
0.978
0.9778
0.9786
0.978
0.9776
0.9782
0.9778
0.9782
0.9788
0.975
0.9698
0.9788
0.978
0.9786
0.978
0.978
0.9782
0.9782
0.9782
0.9788
0.9784
0.9792
0.9792
0.9788
0.976
0.976
0.9758
0.9782
0.9774
0.9768
0.9752
0.9756
0.976
0.976
0.9762
0.9766
0.976
0.9762
0.9744
0.977
0.9768
0.976
0.9776
0.9774
0.978
0.9778
0.9766
0.9752
0.975
0.9754
0.9776
0.9772
0.9768
0.9774
0.9772
0.9784
0.978
0.9794
0.9782
0.9798
0.976
0.9774
0.978
0.9778
0.9778
0.9764
0.9772
0.9784
0.9784
0.978
0.9788
0.979
0.9792
0.9786
0.9788
0.9788
0.9788
0.9788
0.9786
0.9796
0.9796
0.9756
0.9758
0.9756
0.9772
0.9762
0.9768
0.977
0.9768
0.9766
0.9766
0.9764
0.9766
0.9762
0.9762
0.9764
0.9766
0.9772
0.9788
0.9782
0.974
0.9772
0.9782
0.9782
0.9768
0.9766
0.9776
0.979
0.9794
0.9792
0.9794
0.9796
0.9796
0.9786
0.9794
0.9792
0.9762
0.9758
0.9752
0.9752
0.9756
0.9756
0.9756
0.9774
0.9798
0.977
0.977
0.9768
0.9784
0.9784
0.9792
0.9776
0.9776
0.9774
0.978
0.9796
0.979
0.9788
0.979
0.9788
0.9788
0.9794
0.9794
0.9792
0.9772
0.9774
0.9772
0.9776
0.9774
0.9786
0.9786
0.9782
0.9788
0.978
0.979
0.9798
0.979
0.9766
0.9768
0.9782
0.9786
0.9784
0.9792
0.9796
0.9798
0.9796
0.979
0.9786
0.9792
0.9792
0.9786
0.9784
0.9788
0.9798
0.9798
0.98
0.979
0.979
0.9788
0.979
0.9788
0.9786
0.9786
0.9788
0.9788
0.9788
0.978
0.9794
0.9746
0.9798
0.9798
0.9796
0.9802
0.9802
0.9806
0.9808
0.98
0.9802
0.9806
0.9808
0.9798
0.9796
0.9774
0.9782
0.978
0.978
0.978
0.9776
0.9776
0.9782
0.9782
0.9784
0.9784
0.9782
0.979
0.9792
0.979
0.979
0.9788
0.979
0.9784
0.9786
0.9778
0.9772
0.9792
0.9792
0.9788
0.9776
0.9788
0.979
0.9786
0.9806
0.9794
0.9782
0.979
0.9766
0.977
0.9788
0.9788
0.9764
0.9796
0.9796
0.9802
0.9758
0.9772
0.9792
0.9798
0.9796
0.9798
0.9792
0.9796
0.9776
0.9778
0.9788
0.9774
0.9774
0.9792
0.9792
0.9814
0.9802
0.9794
0.9784
0.9784
0.9796
0.9792
0.9808
0.9804
0.982
0.9784
0.9788
0.979
0.9794
0.9794
0.979
0.9784
0.9806
0.9806
0.9802
0.9796
0.98
0.9794
0.9804
0.9794
0.9798
0.9772
0.9772
0.9776
0.9772
0.9792
0.9774
0.9768
0.9776
0.9782
0.9784
0.9786
0.9788
0.978
0.9764
0.9788
0.978
0.9774
0.9774
0.9774
0.9786
0.9784
0.9778
0.9782
0.9784
0.9788
0.9804
0.9804
0.9802
0.981
0.981
0.9808
0.9814
0.9806
0.981
0.981
0.9804
0.9806
0.9804
0.9796
0.981
0.9804
0.9808
0.9788
0.9786
0.9792
0.979
0.979
0.9798
0.98
0.9794
0.98
0.98
0.9786
0.9804
0.9764
0.9786
0.9778
0.9784
0.9768
0.978
0.9786
0.9786
0.9778
0.9778
0.9808
0.9806
0.9814
0.9808
0.9814
0.9786
0.9806
0.9782
0.978
0.978
0.9772
0.9774
0.977
0.9782
0.9782
0.9782
0.9798
0.9786
0.9786
0.9786
0.9782
0.979
0.9786
0.98
0.9796
0.98
0.98
0.9796
0.9796
0.9788
0.9782
0.9786
0.9796
0.9794
0.9792
0.9766
0.9764
0.9758
0.972
0.9724
0.9766
0.9782
0.9786
0.9778
0.9782
0.9784
0.9784
0.9786
0.979
0.9798
0.9794
0.9788
0.9788
0.979
0.979
0.9788
0.9794
0.9788
0.9772
0.9768
0.9764
0.9764
0.9766
0.9784
0.9794
0.9788
0.98
0.9804
0.9794
0.9762
0.9764
0.978
0.9732
0.9746
0.9776
0.9774
0.9778
0.9798
0.9794
0.9774
0.9788
0.9788
0.979
0.9798
0.9792
0.979
0.9786
0.979
0.9762
0.9788
0.9774
0.9776
0.9778
0.9786
0.977
0.9756
0.9762
0.9754
0.9728
0.9714
0.9734
0.977
0.9766
0.9764
0.9792
0.979
0.979
0.9792
0.977
0.9776
0.979
0.9792
0.9792
0.9776
0.9776
0.9776
0.9778
0.979
0.976
0.975
0.9752
0.9788
0.979
0.979
0.979
0.9756
0.976
0.9772
0.9772
0.9774
0.9774
0.9794
0.9792
0.9792
0.9748
0.9742
0.974
0.976
0.9766
0.9782
0.9782
0.9782
0.9798
0.9782
0.9778
